2442 2219 2289 2191 2135 2374 2083 2182 2502 2221 2276 2292 2188 2388 2159 2481 2153 2708 2511 2105 2313 2497 2603 2364 2224 2029 2122 2398 2395 2282 2445 2286 2324 2701 2184 2068 2276 2377 2376 2587 2238 2296 2184 2212 2060 2175 2328 2454 2407 2273 2063 2590 2543 2366 2756 2511 2316 2324 2484 2143 2569 2335 2343 2352 2173 2233 2486 2362 2426 2147 2214 2490 2249 2735 2059 2400 2363 2045 2169 2603 2309 2369 2273 2122 2463 2388 2110 2436 2142 2414 2442 2805 2247 2418 2188 2220 2536 2507 2643 2167 
2416 2167 2019 2136 1876 2162 1767 1937 2211 1827 1981 2212 1981 2081 1946 2430 2186 2610 2319 1744 2039 2308 2446 2109 2169 1841 2060 2069 2245 2018 2165 1954 1996 2479 2034 1982 2105 2179 2157 2293 2102 2000 1884 1938 1998 1964 2293 2229 2239 1932 1862 2256 2238 2178 2276 2338 2053 1893 2305 1939 2233 2149 2240 2129 2031 1951 2271 2225 2206 2046 2191 2379 2037 2396 1862 2088 2280 1901 2239 2438 2286 2236 2189 2195 2267 2245 2147 2254 2140 2222 2128 2435 2232 2308 1885 2103 2273 2412 2184 2009 
2318 2132 1949 2037 1838 2129 1914 1814 2279 1900 1974 2194 2042 2078 1977 2406 2091 2574 2232 1877 2016 2250 2456 2193 2072 1727 2037 1961 2138 2027 2090 2028 1942 2300 2046 1807 1991 2181 2132 2281 2193 2115 1839 2025 2001 1879 2333 2119 2169 1937 1991 2273 2271 2100 2321 2209 2058 1988 2401 1832 2228 2213 2077 2154 2163 2102 2217 2146 2142 2020 2198 2245 1925 2431 1825 1974 2033 1850 2008 2473 2082 1914 2130 1914 2300 2085 1963 2307 2049 2044 2126 2514 2250 2183 2002 2049 2269 2413 2229 2115 
2311 2269 1965 2213 2180 2591 2032 1910 2366 1945 2289 2211 2232 2410 2247 2534 2220 2599 2448 2049 2153 2392 2466 2285 2286 2064 2097 2350 2425 2184 2443 1962 2157 2773 2142 2285 2317 2396 2260 2523 2142 2255 2229 1919 2124 2190 2369 2383 2261 2277 2109 2317 2388 2347 2684 2483 2262 2198 2392 2112 2409 2427 2346 2292 2260 2138 2315 2339 2525 2292 2243 2473 2132 2757 1958 2370 2164 1927 2273 2618 2217 2220 2337 2219 2407 2375 2216 2354 2243 2316 2408 2602 2146 2475 2153 2185 2430 2523 2399 2208 
2164 1786 1798 2045 1714 2042 1630 1918 2080 1789 1867 1978 1825 2139 1861 2220 1889 2260 2077 1686 1987 1990 2239 2029 1817 1782 2038 2087 2131 2019 2227 1828 1848 2388 1857 1778 1868 2039 1933 2159 1797 1963 1858 1606 1819 1756 2149 1972 2005 1909 1684 2151 2038 2129 2079 2124 1943 1828 1934 1724 2056 1795 1926 1776 1917 1820 2131 2163 1962 1922 1977 2202 1864 2404 1811 1952 2008 1847 1889 2367 2028 2001 1944 1791 2064 1999 1941 1963 1887 1969 2013 2342 1986 2092 1764 1903 2091 2186 2056 1955 
2217 1886 1980 2104 1812 2217 1652 1745 2290 1836 1825 1879 1906 2082 1958 2262 1979 2362 2021 1821 2000 2251 2245 2081 2036 1774 1929 2020 2161 2048 2094 1847 1996 2421 1998 1836 1862 2112 2029 2174 1964 1887 1914 1787 1802 1861 2259 2082 2095 1904 1827 2024 2142 2198 2355 2148 1991 1862 2045 1896 2085 1921 1972 1896 1925 1898 2122 2046 2189 2037 2029 2267 2102 2407 1821 2045 1990 1754 2083 2273 2087 2012 2146 1876 2288 1883 1924 1937 2060 1933 2107 2323 2014 2108 1768 1973 2201 2170 2132 2010 
2095 1888 1938 1991 1818 2221 1732 1839 2046 1767 1956 1969 2016 1929 1834 2250 2044 2417 2174 1764 2098 2171 2212 2198 1959 1866 1942 1999 2166 1984 2065 1755 1930 2287 2026 1879 1929 2209 2057 2082 2017 1983 1957 1713 1918 1978 2190 2121 1967 1914 1945 2130 2113 2203 2196 2071 2008 1986 1989 1739 2240 2204 1957 1897 1980 1884 2273 2054 2082 2022 2042 2290 1848 2489 1905 1965 1937 1779 1972 2307 2152 2137 1938 2009 2236 2032 1964 2274 1894 2030 2084 2333 2086 2187 1860 1924 2274 2298 2111 2046 
2229 2121 2170 2125 2234 2350 1906 2049 2305 2019 2040 2290 1832 2290 2080 2380 2233 2398 2123 1969 2180 2169 2384 2206 2154 1953 2224 2423 2274 2039 2314 1910 2103 2711 2072 1941 2098 2074 2330 2370 2114 2145 2132 2136 2148 2065 2301 2300 2198 2071 2068 2304 2336 2342 2445 2397 2003 1983 2298 2047 2437 2102 2171 2067 2111 1953 2276 2166 2124 2275 2112 2476 2053 2566 1847 2242 2244 2029 2228 2500 2401 2134 2185 2238 2179 2269 2195 2170 2082 2148 2468 2510 2116 2277 2012 2179 2543 2620 2406 2045 
2185 1840 1914 2022 1876 2053 1898 1868 2057 1879 1863 2005 1972 1969 2037 2128 2002 2196 2141 1805 2039 2163 2270 2004 2057 1906 2072 2017 2220 2015 2060 2006 1914 2382 1988 2040 1924 2125 2106 2131 2008 1939 1963 1875 1980 2077 2176 2215 2067 2083 1989 2119 2149 2140 2123 2218 1895 2059 1928 1866 2322 2110 1986 1927 1783 1953 2122 2039 2085 1972 2011 2112 2035 2302 1789 2042 1996 1759 2011 2421 2270 2200 1999 2057 2180 2123 1904 2125 2037 1921 2024 2299 1979 2209 1972 2016 2042 2385 2120 2040 
2391 2107 1956 2019 2120 2333 1802 1982 2292 1879 2018 2207 2085 2186 2147 2299 2170 2437 2330 1965 2131 2233 2498 2150 2331 1907 1975 2184 2272 2206 2322 2064 2067 2674 1999 2108 2086 2172 2300 2192 2099 2218 2096 1998 2017 2178 2163 2188 2227 2041 1968 2281 2397 2311 2352 2392 2104 1956 2452 1941 2259 2146 2173 2118 2098 1981 2312 2237 2296 2188 2177 2351 2162 2558 1938 2275 2094 1965 2138 2498 2271 2228 2154 2303 2390 2167 2050 2282 2072 2094 2346 2672 2059 2280 1972 2103 2221 2397 2325 2034 
2219 2034 2017 2079 2084 2199 1899 1912 2246 1915 2059 2130 2071 2143 2067 2237 2066 2435 2385 1882 2021 2275 2378 2188 2186 1863 2121 2228 2257 1902 2302 2055 2109 2555 2106 1840 2023 1993 1980 2423 2150 1992 2002 1929 2039 2122 2286 2255 2152 2091 1945 2298 2214 2303 2288 2403 2148 2189 2246 1949 2221 2120 2204 1997 2090 1973 2349 2173 2148 2090 2121 2455 2136 2569 1957 2199 2203 2066 2226 2515 2263 2138 2099 2108 2281 2338 1988 2241 2001 2167 2311 2386 2068 2283 1975 1866 2299 2452 2203 1909 
2183 2194 2204 2271 1969 2249 1742 1897 2252 1900 1858 2135 1991 2037 1904 2420 2055 2339 2258 2034 2041 2265 2560 2084 2120 1825 2028 2082 2171 2177 2255 2032 2027 2468 2139 1996 1981 1980 2079 2216 2072 2027 1913 1915 2127 1981 2293 2242 2374 2043 1994 2284 2255 2209 2421 2287 2109 2087 2272 1799 2263 2093 2100 2124 2053 1994 2133 2153 2237 2226 2117 2347 2094 2440 1720 2115 2180 1859 2380 2426 2139 2200 2255 2225 2167 2180 1971 2162 2000 2138 2317 2477 2034 2411 1817 2148 2507 2202 2305 1826 
2111 2017 2016 2089 1959 2088 1888 1921 2284 1985 2029 2058 1964 2111 2073 2181 2139 2367 2147 1865 1939 2227 2172 2103 1999 1883 2003 2145 2291 2071 2206 1893 1850 2370 1925 2007 1960 2203 2036 2399 1880 2034 1841 1901 2016 1944 2229 2213 2053 2132 1843 2131 2281 2135 2357 2171 2073 2015 2015 2011 2261 2093 2039 1788 2030 2029 2209 2106 2129 2081 2206 2239 1993 2299 1731 2147 2048 1999 2007 2373 2230 2082 1924 1970 2193 2162 1962 2091 1978 2274 1984 2251 2158 2222 1864 1965 2135 2256 2208 2097 
2198 2134 1819 2037 1977 2145 1669 1955 2021 1841 2036 2070 1876 2137 1734 2241 2109 2414 2242 1683 2093 2104 2394 2042 2025 1761 1953 2092 2045 1994 2222 1920 1903 2369 1919 1838 2017 2105 2141 2314 2004 1988 1943 1750 2000 1980 2206 2097 2073 1944 1898 2149 2161 2274 2374 2212 2096 1893 2042 1611 2072 1965 1901 1891 2175 1716 2259 2146 2207 2052 2078 2302 1997 2594 1753 2196 1957 1687 2122 2391 1936 2141 1961 1970 2292 2079 1913 2166 1915 2112 2078 2301 1977 2112 2008 1998 2191 2291 2186 1897 
1909 1867 1753 1686 1666 1945 1536 1577 1812 1697 1768 1781 1809 1872 1716 1865 1830 2130 1964 1651 1701 1979 1968 1886 1574 1600 1705 1699 1907 1964 1800 1661 1707 2188 1642 1655 1647 1898 1797 2004 1712 1885 1666 1614 1624 1606 1975 1959 1713 1771 1709 1963 2005 1995 2055 1929 1753 1879 1896 1749 1994 1898 1773 1705 1687 1734 1832 1806 1971 1647 1803 1966 1766 1933 1649 2035 1801 1631 1892 2039 1753 1857 1901 1641 1847 1868 1756 1928 1691 1612 1907 2146 1737 1972 1666 1728 1932 1953 1792 1752 
2092 1856 1715 1916 1822 1885 1643 1748 2123 1605 1890 2031 1862 1994 1823 2167 2017 2295 1901 1740 1818 1973 2215 1908 1809 1643 1964 1970 1895 1832 2028 1861 1924 2231 1858 1712 1950 1982 2073 2218 1753 1936 1847 1717 1981 1834 2139 2113 2022 1886 1670 2037 2047 1943 2054 2278 1955 1781 1954 1604 1993 1806 1880 1938 1907 1657 1959 2108 2009 1876 1800 2042 1887 2215 1651 1879 1908 1817 1893 2199 2029 1906 1849 2056 2005 1835 1963 2162 1890 1982 1853 2311 2018 1940 1959 1859 2005 2056 2084 1781 
2184 1935 1930 2054 2063 2138 1782 1814 2116 1858 1919 2099 1921 2163 1883 2341 2021 2317 2161 1670 1859 2042 2199 2005 2145 1611 1842 2065 2230 1905 2114 1889 1907 2401 1912 1878 2147 1984 2177 2220 2004 2089 2037 1954 1889 1973 2189 2164 2081 1905 1707 2114 2220 2086 2227 2372 2054 1838 2183 1746 2147 2029 2140 1850 1984 1804 2196 1915 2128 2046 2037 2415 1990 2235 1867 2113 2154 1870 1991 2299 2150 1929 1987 2063 2168 2179 1928 2123 2080 2080 2224 2391 2099 2064 1852 1802 2297 2274 2206 1860 
2141 1995 1950 2097 1852 2095 1660 1924 2253 2021 1930 2149 1881 2137 1924 2035 2022 2131 2101 1905 1954 2161 2372 1983 1994 1868 1944 2103 2104 1935 2212 1899 2108 2349 2033 1868 1782 1841 1982 2201 1865 1887 2000 1995 1893 1997 2046 2225 2191 2079 1887 2070 2118 2209 2327 2119 1903 1902 2123 1958 2187 2005 1941 1918 1926 2021 2251 2127 2220 2055 2118 2228 2308 2432 1642 1985 1952 1823 2143 2357 2088 2132 1941 2222 2064 2087 1816 2134 1922 2084 2329 2184 2267 2277 1955 2003 2300 2384 2272 1882 
2121 2111 1949 2020 1903 2162 1832 1957 2267 1795 1990 2036 2049 2143 1783 2351 2081 2414 2236 1812 2011 2147 2390 2012 2083 1870 2020 2162 2178 1886 2116 2052 2103 2403 1990 1954 2112 2052 2011 2308 2108 1974 1960 1841 1921 1959 2229 2327 1999 2094 1879 2211 2039 2233 2322 2303 2039 1979 2127 1850 2225 2027 2069 2006 2079 1797 2205 2183 2048 2101 1988 2303 2007 2321 1821 2059 2075 1676 2160 2344 2128 1986 2120 2051 2252 2212 2039 1988 2003 2138 1969 2272 2091 2151 1840 2033 2244 2240 2096 2004 
2009 1809 1875 1784 2005 2209 1688 1930 1987 1706 1993 1928 1892 1977 1873 2107 2000 2273 2206 1783 1925 2086 2250 2111 1999 1846 1880 2135 2034 1817 2103 1825 1856 2345 1814 1909 1919 1921 1971 2275 1907 2034 1967 1841 1928 1923 1937 2126 1949 1969 1819 2203 2153 2033 2321 2221 1876 2045 2079 1845 2214 2032 1985 1866 1934 1959 2134 2095 2166 2065 1894 2088 1980 2500 1695 2026 2052 1760 2013 2397 2018 2158 1810 1989 1953 2169 1898 2061 1824 2060 2042 2098 1954 2223 1948 1933 2212 2299 2076 2013 
1955 1789 1815 1877 1721 2043 1680 1534 1962 1795 1758 1944 1712 1854 1868 2108 1666 2075 2106 1554 1676 1976 1964 1805 1872 1762 1671 1985 1858 1725 1696 1803 1805 2256 1774 1767 1758 1900 1689 1994 1753 1781 1768 1569 1824 1819 1853 2052 1848 1750 1614 1901 1980 2092 2079 2164 1737 1869 1961 1627 1928 1885 1894 1775 1938 1689 2031 1950 1936 1630 1771 2014 1828 2190 1709 1765 1862 1719 1871 2159 1889 1916 1889 1831 2131 1870 1788 1912 1850 1919 1977 2053 1767 2100 1605 1892 1820 2096 2003 1846 
2314 2093 2144 2163 2091 2185 1753 1852 2436 2070 1929 2136 1996 2183 2162 2321 2321 2476 2458 1957 2196 2210 2526 2433 2191 1849 1957 2253 2294 2143 2165 1886 2098 2401 2221 2072 2023 2236 2099 2386 2159 2116 1941 1936 2189 2019 2497 2334 1999 2069 1984 2303 2423 2156 2406 2260 2196 1906 2263 2001 2336 2177 2142 1988 2121 2113 2434 2088 2151 2004 2240 2397 2040 2440 1892 2161 2252 1942 2140 2435 2118 2170 2417 2016 2345 2429 1957 2205 2104 2368 2236 2362 2289 2277 1836 1973 2418 2538 2339 2099 
1979 1889 1749 1809 1886 1847 1697 1490 1974 1793 1844 1926 1780 1936 1916 2169 1910 2236 1971 1690 1754 1979 1975 1976 1787 1563 1923 1865 1984 1805 1861 1622 1667 2239 1842 1681 1928 1947 1908 1995 1844 1922 1796 1644 1729 1794 2037 2026 1920 1881 1691 2040 2157 1965 2010 2188 1718 1695 2019 1669 2084 1904 1883 1696 1891 1811 2085 1955 2125 1861 1862 2085 1737 2159 1715 2038 1929 1799 1928 2161 2029 1785 1879 1731 2008 1934 1828 1904 1935 1880 1995 2261 1901 1968 1807 1908 1932 2043 1912 1782 
1871 1668 1532 1570 1601 1603 1405 1575 1882 1587 1596 1628 1685 1693 1606 1686 1804 1917 1773 1661 1639 1865 1936 1850 1773 1576 1735 1730 1888 1581 1812 1518 1660 2031 1644 1543 1614 1697 1603 1913 1731 1673 1620 1583 1683 1582 1708 1824 1459 1849 1396 1695 1923 1793 1892 1936 1599 1488 1743 1708 1805 1536 1759 1605 1585 1608 1910 1933 1704 1677 1761 1775 1787 1876 1520 1683 1658 1718 1591 1957 1734 1681 1809 1639 1780 1901 1588 1743 1718 1770 1830 1929 1777 1957 1551 1576 1739 1900 1745 1637 
1967 1879 1809 1809 1900 2035 1786 2023 2176 1923 1903 2012 1979 1983 1970 2041 2060 2222 2192 1681 1868 1908 2325 1951 1931 1637 1817 2073 1977 1707 2031 1848 2027 2295 1873 1943 1892 1974 2061 2110 1883 2015 1738 1903 1807 2053 2005 2075 2063 1813 1711 2144 2103 2021 2187 2094 1865 1724 2141 1752 2053 2037 1907 1806 1835 1924 2264 1999 2114 1808 2060 2046 1959 2345 1732 2096 2101 1642 1893 2326 2062 2090 1881 1918 1948 2155 1816 1946 1785 2084 2207 2282 1963 1976 1757 2060 2032 2266 2258 1890 
1852 1705 1747 1746 1677 1907 1467 1556 2070 1614 1657 1692 1630 1784 1844 1960 1807 1851 1814 1664 1784 1841 1871 1696 1787 1526 1670 1839 1754 1637 1796 1662 1651 2120 1819 1737 1710 1723 1877 1887 1625 1860 1666 1656 1724 1819 1736 1801 1679 1815 1523 1785 2062 1928 1948 1929 1629 1554 1846 1594 1950 1585 1576 1621 1645 1661 1909 1767 1885 1820 1719 1818 1787 2102 1455 1815 1794 1732 1706 2062 1884 1881 1683 1791 1879 1727 1668 1711 1680 1820 1874 2135 1615 2013 1525 1742 1784 1883 1882 1672 
1967 1861 1735 1850 1700 1947 1565 1691 2043 1742 1826 1977 1865 1959 1751 2171 1777 2269 2150 1767 1832 1948 2132 1909 1866 1448 1730 2036 1735 1869 2008 1675 1827 2061 1874 1727 1885 1886 1943 2091 1802 1907 1801 1655 1672 1855 1981 2022 1910 1930 1682 1987 2021 1967 2226 2204 1794 1749 1982 1620 2038 1879 1797 1881 1894 1704 1962 1884 2024 1816 1817 2108 1713 2254 1661 1964 1934 1721 1921 2190 1898 1808 1878 1803 2032 1842 1743 1981 1828 1884 1933 2193 1789 2081 1628 1845 2102 1999 1978 1722 
2192 2057 2035 2001 2056 2296 1723 2095 2160 1772 1945 2173 2053 2201 1810 2277 2091 2461 2191 1904 2030 2354 2481 2137 2084 1724 2030 2219 2126 1909 2275 2072 2073 2527 1861 1931 2095 2064 2270 2361 2119 2151 1949 2028 1849 1968 2105 2244 2151 2278 1761 2232 2295 2253 2426 2381 1930 1865 2255 2002 2328 2136 2112 2102 1912 2008 2321 2158 2174 2172 2071 2391 2050 2351 2016 2116 2148 2002 2100 2401 2261 2144 2069 2195 2130 2282 1953 2229 2051 2073 2205 2519 2250 2275 2023 1995 2151 2265 2145 1974 
2031 1934 1887 2044 1981 2094 1590 1842 1989 1734 1899 1899 1682 2006 1775 2047 1876 2180 2028 1639 1848 2033 2235 1802 1799 1730 1691 1897 1955 1998 1937 1728 1859 2181 1945 1973 1856 1997 2095 2109 1907 1894 1801 1768 1756 1863 2105 2046 1992 1992 1770 2115 2023 2127 2131 1994 1998 1922 2012 1803 2043 1825 1804 1873 1834 1785 1922 2028 2156 2098 1923 2183 1899 2259 1485 2053 1929 1634 1990 2178 1976 1872 1853 1870 1963 2109 1916 2009 1865 1905 1957 2067 1966 2068 1768 1901 2160 2136 1935 1784 
2033 1951 1782 1827 1804 2017 1714 1845 2040 1820 1781 1982 1733 1832 1719 2204 1958 2301 2038 1789 1830 1963 2138 2027 2007 1596 1692 2008 1781 1741 1913 1974 1901 2177 1857 1661 1975 1954 1912 2107 1860 1715 1836 1628 1847 1966 1995 1963 1790 1695 1695 2033 1998 2100 2037 2183 1663 1832 1835 1565 2000 1713 1799 1865 2028 1572 1975 2056 1787 1799 1913 2098 1854 2294 1626 1851 1893 1791 2044 2240 1851 1801 2041 1865 2215 2017 2081 2033 1921 1877 1978 2178 1915 2015 1719 1950 1962 2034 2011 1815 
2125 2072 1698 1915 1743 1964 1752 1810 2160 1783 1857 1913 1957 2011 2013 1997 1901 2305 2095 1882 1985 1940 2382 1991 1937 1763 1978 2090 2233 1922 2083 1731 1977 2440 1775 1850 1827 1983 1905 2164 1893 2005 1782 1774 1728 1763 2018 2126 2103 1990 1812 2087 2030 1980 2370 2125 1882 1679 2135 1911 2093 2169 2019 1891 1880 2042 2062 2032 2200 1860 2097 2134 1838 2310 1791 1974 2070 1665 2008 2344 1924 2051 2073 1905 1993 2082 1830 2052 1886 2075 2170 2264 1946 2155 1796 1970 2096 2265 2080 1880 
2121 2012 1937 1918 1853 2171 1630 1882 2261 1814 2001 1973 2094 2089 1861 2448 1993 2266 2275 1640 1997 2199 2286 2062 2005 1786 2017 2087 1970 1946 2020 2048 2079 2356 1969 1954 2082 2082 2086 2216 2046 1997 1980 1902 2046 1915 2233 2176 1972 1971 1808 2173 2127 2123 2152 2416 2026 1893 2014 1704 2234 1987 2075 2012 1917 1802 2203 2004 2042 2115 2133 2283 1927 2336 1773 2150 1995 1821 1898 2285 2193 2112 2067 2141 2201 2132 1874 1996 1965 2138 2112 2414 2095 2133 1765 2050 2093 2162 2128 1944 
1997 1940 1853 1979 1800 2156 1736 2006 2193 1678 1850 1840 1945 2052 1762 2179 1844 2121 2146 1669 1940 1981 2283 1886 2040 1844 1935 2045 2036 1972 2055 1944 2034 2292 1851 1888 1810 1910 2051 2217 2020 2099 1904 1900 1865 1816 2280 2016 2025 2020 1745 2171 2076 2022 2251 2234 2016 1739 1932 1687 2007 1936 2027 2105 1884 1918 1999 2161 2081 2114 1978 2051 1979 2245 1804 2070 1943 1687 1976 2264 2101 2002 1965 1968 1931 1920 1864 2003 1997 1898 2023 2377 1951 2145 1824 1916 2186 2192 2022 1980 
2145 1995 1917 1988 1898 2105 1756 1764 2169 1807 1801 2078 1815 1973 1891 2285 1880 2233 2256 1832 1854 2062 2287 2068 2056 1680 1786 2122 2015 1876 1889 1972 1996 2387 1877 1833 1988 2011 2026 2027 1924 1914 1836 1892 1977 1895 2108 2084 2081 1866 1793 2176 2066 2126 2051 2302 1952 1808 2211 1776 2104 1872 2000 1925 1925 1851 2166 2082 2008 1976 2014 2323 2068 2301 1760 1987 2065 1841 2040 2200 2113 1953 2010 1929 2093 2174 1934 2060 1853 2139 2260 2377 1973 2168 1632 1958 2093 2180 2148 1862 
1999 2020 1897 1994 1910 2250 1597 1786 2015 1851 1859 1921 1938 2061 1838 2179 1952 2337 2071 1974 1970 2046 2210 2082 1845 1701 1816 2069 2201 1996 2134 1594 1982 2261 1901 1828 1974 2062 2054 2195 1878 1973 2013 1707 1811 1846 2101 2175 1826 2172 1850 2004 2124 2188 2266 2146 1855 1888 1946 1723 2178 1978 1898 1903 1934 1773 2007 2065 2302 1987 1932 2292 1914 2318 1813 1975 1863 1927 2094 2199 1958 2080 2003 1932 2103 1973 1883 2066 1870 2108 2087 2177 1968 2237 1714 2069 2241 2087 2200 1955 
2331 2190 2145 2233 2216 2417 1866 1910 2299 1957 1942 2073 1917 2109 2019 2435 2257 2529 2238 1986 2118 2228 2414 2314 2192 1785 1946 2153 2218 2034 2170 2058 2168 2483 2181 2137 2148 2209 2129 2173 2092 1995 2051 1843 1938 2116 2299 2323 2055 2068 1980 2118 2376 2340 2296 2214 2041 2004 2185 1992 2108 2001 2150 2051 2077 1950 2326 2112 2272 2078 2160 2402 2155 2495 1837 2228 2123 1944 2323 2486 2213 2063 2232 2035 2435 2292 2326 2191 2184 2154 2365 2435 2146 2341 1726 1959 2302 2364 2227 2126 
2174 1940 1995 1849 1988 2146 1772 1937 2143 1824 1887 2017 2039 1989 1931 2137 1923 2162 2136 1796 1995 2026 2316 1970 2068 1831 2001 1933 1922 1832 2095 1881 1958 2347 2074 1967 1999 1947 2031 2218 1939 2002 1967 1918 1859 2045 2168 2068 1933 2064 1814 1933 2077 2213 2191 2245 1928 1855 2169 1680 2178 1910 2084 2000 1941 1813 2072 2042 2231 2068 2043 2188 2088 2239 1721 2113 2020 1782 2088 2268 2116 1955 1840 2066 2056 2012 2034 2030 2074 2032 2087 2306 1923 2119 1822 1899 2214 2274 2050 2000 
2166 2080 1894 1921 2016 2146 1632 2001 2115 1972 1924 2098 1818 2104 1775 2086 2039 2300 2147 1729 2075 2024 2178 1982 2061 1718 1881 1930 2305 1940 2142 1806 1937 2481 1835 1643 1921 2075 2037 2197 1975 1907 1856 1933 1896 1942 1989 2062 1995 1913 1713 2159 2171 2202 2246 2276 1873 1829 2093 1893 2074 1925 2126 1895 1850 1910 2140 2121 2141 2099 1963 2281 1971 2403 1782 2076 2067 1951 1910 2348 1968 2022 2098 1881 2119 2280 1841 2022 1904 1999 2315 2219 2043 2167 1821 1953 2252 2365 2252 1832 
2259 2028 1919 2041 1820 2233 1802 2027 2223 1912 1902 2214 2157 2049 2029 2346 2104 2533 2168 1937 1998 2163 2462 2157 2055 1797 1996 1956 2171 2088 2202 1835 2031 2256 1975 2111 2026 2138 2065 2371 2100 2070 1871 1984 1930 1972 2263 2222 2089 2061 1824 2210 2158 2189 2284 2255 2069 1939 2122 1862 2143 2165 2031 2037 2089 2026 2109 2217 2166 2119 2127 2153 2012 2498 1837 1986 2118 1775 2034 2361 2141 2018 2031 2069 2203 2085 2021 2282 2081 2253 2088 2328 2180 2193 1885 2026 2264 2370 2365 2108 
2022 1814 1891 1917 1849 2113 1929 2004 2130 1839 1867 2011 1831 1984 1891 2146 1874 2301 2001 1776 1810 2163 2200 1892 2133 1653 1704 2067 2150 1767 2093 1986 1911 2371 1767 1767 1904 1976 1988 2118 1967 2008 1798 1933 1842 1944 2041 2079 2125 1874 1762 2277 2205 1994 2099 2254 1917 1832 2017 1740 1984 1995 2135 1980 1933 1983 2134 2184 2083 2061 1970 2136 1983 2302 1789 1898 2116 1814 2043 2417 2182 2058 1925 1934 2062 2201 1880 2039 1902 2002 2131 2367 2051 2128 1740 1971 2174 2215 2217 1884 
2170 2020 1866 2064 1708 2075 1780 1917 2305 1873 1903 1907 1915 2128 1976 2280 2092 2316 2156 1764 2004 2122 2354 1960 1919 1854 1942 2146 2213 1986 2218 1937 1904 2384 1891 2011 1888 2062 2063 2333 1958 2025 1921 1857 1929 1840 2009 2065 2136 1888 1765 2207 2224 2039 2413 2188 2116 1928 2065 1867 2252 2102 2053 1907 1929 1964 2076 1931 2118 2043 2012 2097 1877 2422 1746 2031 2010 1740 1893 2334 2136 2061 2076 2121 2162 2031 1860 2205 2043 2131 2021 2409 2098 2145 1941 1972 2281 2155 2388 1962 
2067 2052 1775 1983 1811 2068 1892 1727 2199 1866 1955 2091 1842 2121 1975 2201 2010 2405 2087 1799 1835 2112 2147 2082 1920 1864 1934 1970 2201 1948 2067 1808 2101 2286 1947 1894 2137 2210 2173 2268 2073 2111 1907 1751 1810 1802 2266 2072 2165 1890 1857 2052 2127 2267 2403 2253 1992 1739 2097 1755 2063 2090 2017 1915 1940 1894 2176 2080 2287 2012 1951 2156 1882 2288 1802 2130 1866 1679 2048 2239 1998 2039 2130 1922 2179 2063 1998 2011 1919 2096 2058 2340 1869 2104 1859 1960 2167 2187 2271 2077 
2041 1742 1876 1765 1885 2089 1726 1781 1987 1807 1792 1934 1809 1889 1701 2123 1881 2265 2083 1800 1912 1974 2086 1949 1973 1450 1814 1926 2035 1880 1964 1810 1771 2132 1963 1937 1887 1956 1976 2184 1925 1778 1729 1780 1682 1895 2064 2140 1830 1762 1830 1955 2096 1992 2200 2134 1976 1751 1852 1607 2056 1976 1806 1829 1825 1737 1902 1901 2136 1901 1799 2009 1762 2116 1571 2004 1871 1585 1942 2089 1940 1852 1885 1771 2060 1938 1770 1867 1866 1874 1991 2303 1911 2119 1631 1754 2079 2168 2134 1839 
2124 1901 1938 1971 2002 2163 1683 1954 2150 1702 1749 1952 1913 1916 1935 2288 1992 2273 2057 1759 1868 1889 2354 2043 2053 1627 1893 2037 2156 1905 2172 1775 1925 2453 1820 1913 1918 1892 1963 2380 2043 2096 1850 1839 1895 1896 2078 2017 1999 1901 1766 2172 2380 2028 2284 2345 1930 1853 1978 1744 2200 2113 2136 2032 1796 1941 2074 2017 2156 2113 1879 2215 1985 2456 1737 2041 2042 1794 2000 2300 2051 2063 2036 1962 1984 2150 1798 1991 1872 1990 2224 2455 1941 2216 1836 1949 2264 2245 2286 1797 
2313 2164 2219 2241 2264 2456 2096 2118 2375 2101 2138 2141 2030 2382 2268 2450 2222 2399 2383 1960 2174 2469 2524 2154 2234 2002 2207 2259 2556 2226 2412 2147 2140 2732 2165 2172 2178 2261 2316 2414 2296 2304 2147 2063 1976 2109 2367 2363 2343 2335 2054 2318 2438 2501 2472 2453 2128 2203 2270 2052 2541 2173 2272 2141 2061 2300 2438 2325 2488 2344 2320 2505 2370 2569 1977 2270 2122 2047 2210 2611 2524 2436 2182 2321 2353 2356 2007 2221 2215 2395 2323 2604 2281 2444 2091 2087 2293 2411 2487 2185 
2039 1989 1937 1869 1855 2152 1577 1800 2238 1703 1787 1813 1883 2011 1839 2165 1957 2066 2085 1843 1954 1885 2174 2111 2061 1702 1779 1987 1947 1941 2037 1802 2010 2177 1890 1867 1761 1956 1923 2200 1851 1987 1787 1773 1893 1875 2105 2042 2107 2075 1888 2212 2190 2106 2216 2070 1866 1770 1976 1814 2082 1916 1837 1809 1842 1976 2109 1924 2175 2005 2061 2186 1958 2321 1620 2065 1947 1734 1969 2199 2028 1949 1794 1905 2033 2039 1925 2039 1893 1931 2147 2124 1876 2232 1621 1981 2233 2075 2081 1797 
2208 2095 1911 1978 2071 2262 1806 2082 2227 1875 2208 2127 1922 2181 1796 2400 2216 2326 2212 1967 2104 2347 2463 2156 2088 1711 2065 2239 2089 2070 2367 2008 2112 2491 1909 1976 2231 2219 2234 2335 2056 2014 1969 1913 1992 2030 2172 2277 1986 2163 1768 2093 2136 2313 2489 2388 2080 1949 2104 1852 2271 2027 2180 1964 2127 1915 2261 2180 2155 2082 2038 2376 2013 2420 1845 2212 2070 2000 2207 2370 2112 1931 2206 2294 2262 2175 2048 2259 1983 2200 2237 2439 2115 2415 1977 1884 2232 2306 2243 1969 
2206 2091 2033 2119 1989 2214 2030 2098 2270 2006 2149 2126 2062 2153 2035 2342 2121 2428 2267 1970 2058 2333 2383 2119 2116 1956 2036 2244 2295 1984 2271 2106 2091 2704 1995 2104 2055 2282 2204 2488 2093 2074 1967 1938 2130 2126 2389 2235 2127 2145 1973 2388 2243 2224 2468 2244 2068 2190 2079 1951 2446 2268 2094 2088 2151 2191 2364 2166 2218 2077 2277 2355 2022 2445 2057 2098 2186 2023 2230 2525 2313 2160 2138 2178 2247 2314 2046 2207 2151 2198 2316 2439 2110 2300 2029 1999 2155 2333 2323 2115 
2176 1989 1899 2040 1998 2329 1833 1962 2384 2010 1962 2257 1867 2193 1937 2244 2145 2419 2216 1964 2082 2140 2343 2053 2162 1754 1931 2165 2160 2010 2293 2063 1985 2397 1919 2150 2263 2155 2074 2274 2060 2127 1924 1885 1805 2148 2089 2383 2077 2167 1880 2158 2442 2296 2359 2317 2036 1836 2213 2031 2293 2074 2331 2054 1983 2050 2350 1999 2130 2121 1945 2239 1959 2494 1815 2270 2123 1909 2116 2449 2230 1978 2182 2158 2343 2277 2061 2109 2168 2120 2127 2569 2121 2305 1948 1976 2212 2411 2324 1971 
2083 2075 2041 1940 1876 2264 1867 2028 2209 1960 2085 2103 1895 2115 1862 2258 1880 2180 2146 1941 2014 2140 2217 2017 2009 1820 1853 2204 2014 1946 2164 1873 1920 2408 1972 1919 1797 2135 1944 2287 1991 1963 1928 1854 1839 1899 2106 2207 2012 2292 1945 2032 2214 2257 2338 2227 1801 1920 2043 1911 2167 2065 2118 2131 1934 1947 2169 2205 2164 1909 1964 2134 1994 2434 1819 2107 1847 1814 2000 2377 2013 1956 1915 1911 2312 1985 1947 2110 2066 2057 2109 2171 2046 2245 1880 2046 2010 2023 2099 2023 
1984 2020 1894 1887 1840 2090 1703 1645 1992 1756 1636 1800 1939 2061 1908 2089 1904 2262 1883 1832 1945 2013 2100 2032 1885 1626 1882 1998 2085 1758 2035 1680 1911 2426 1938 1755 1628 2122 1855 2086 1841 1881 1833 1771 1902 1776 2168 2143 1806 1905 1841 1966 1989 2009 2147 1996 1866 1923 1974 1728 2170 2048 1925 1897 2019 1811 1943 2034 1933 1757 1922 2131 1829 2221 1731 1873 1852 1741 2035 2033 2040 1795 2138 1700 2154 1865 1796 2063 1860 1995 2111 2282 1942 2030 1809 1932 1987 2150 2096 2045 
2375 2214 2062 2274 1871 2265 2017 1978 2532 2020 2052 2042 1988 2278 2046 2457 2131 2418 2373 1928 2172 2290 2375 2128 2088 1799 2172 2185 2339 2124 2372 2052 2229 2475 2123 1958 1961 2177 2080 2364 2160 2183 1995 1978 2030 1855 2508 2264 2212 2127 1876 2219 2338 2341 2557 2331 2173 2039 2275 2049 2442 2121 2309 2153 2144 2093 2353 2381 2185 2125 2177 2509 2227 2403 1963 2116 2178 2065 2187 2559 2216 2137 2233 2027 2324 2287 2013 2250 2104 2181 2144 2402 2185 2389 2039 1961 2298 2431 2265 2107 
2209 2089 1964 1992 1949 2104 1815 1904 2392 1927 1894 1961 1995 2227 2104 2205 2146 2221 2191 1817 2063 2113 2369 2099 2092 1943 1979 2141 2266 1913 2101 2021 2114 2511 2113 2011 1879 2050 2057 2212 1969 2036 1869 1909 1963 1846 2326 2048 2125 1922 1940 2053 2242 2215 2227 2325 2004 1732 2180 1867 2232 2093 2100 1825 1804 2003 2238 2149 2242 2072 2185 2302 2092 2453 1716 2078 2107 1788 2094 2524 2123 2194 2166 2036 2138 2166 2010 2003 1988 2136 2315 2296 2186 2292 1811 2066 2276 2337 2221 2053 
2046 1897 1826 1876 1774 2120 1724 1788 2061 1798 1621 2022 1811 1975 1865 2026 1835 2220 2066 1793 1867 1957 2034 1980 1910 1798 1770 1909 2083 1824 1897 1859 1729 2287 1747 1780 1794 2031 1924 2197 1776 1781 1761 1892 1756 1781 2003 1937 1938 1745 1800 2026 2116 2037 2137 2009 1689 1870 1937 1723 2158 2041 1938 1994 1838 2020 2003 1959 2036 1810 1996 2008 1845 2287 1741 1887 1945 1742 2058 2128 2020 1956 1950 1772 2182 1929 1824 1979 1924 1957 1947 2207 1972 2084 1796 1927 2025 2032 2136 1787 
2254 2062 1807 1989 1952 2345 1814 1751 2121 1913 1931 2111 1953 2163 1926 2283 2193 2460 2222 1869 1990 2024 2348 2088 2054 1774 1901 2000 2045 1955 2170 1835 1987 2277 2007 1941 2051 2188 2194 2137 2067 1962 1930 1856 1763 1937 2179 2255 1969 1953 1836 2211 2220 2149 2286 2055 1980 1885 2295 1864 1979 1975 1968 1937 2028 1765 2136 2074 2286 1989 1996 2313 1839 2578 1833 2159 1962 1909 2005 2436 2037 1927 2120 1888 2203 2222 2106 2202 2097 2009 2172 2319 2110 2082 1924 2002 2176 2323 2212 2028 
2113 2051 1927 2016 1895 2178 1783 1897 2242 1857 1959 1947 1970 2025 1935 2295 2014 2279 2177 1885 1983 2245 2433 1979 2124 1760 1964 2014 2157 2082 2097 1949 1944 2357 1928 2060 1875 2110 1966 2287 2017 2088 1900 1841 1805 1859 2161 2114 2233 2047 1872 2075 2286 2069 2371 2091 2001 1767 2096 1833 2140 2111 2105 1920 1861 2134 2248 2070 2258 2004 2025 2063 2003 2369 1637 2102 2103 1658 2031 2330 1958 2070 2050 2125 2173 1933 1837 2060 2135 2057 2204 2509 2110 2321 1856 2070 2249 2224 2096 2007 
2157 1978 1937 2049 1836 2195 1971 1812 2318 1962 2079 1997 1961 2011 2173 2241 2044 2326 2016 1983 1951 2248 2087 2095 2082 1841 1926 2013 2177 1965 2160 1768 2005 2509 1962 2000 1889 2105 1981 2165 1976 2028 2011 1926 1877 1962 2144 2161 1895 1994 1890 2083 2284 2201 2512 2143 1948 1897 2240 1986 2172 2144 2136 1901 2108 2084 2388 2066 2163 2052 2124 2226 1976 2428 2041 2121 2065 1799 2034 2309 2124 2042 2048 1961 2331 2056 1888 1976 1976 2100 2158 2340 1946 2242 1689 1943 2094 2167 2232 2013 
2362 2254 2007 2157 2080 2268 2089 2032 2327 2044 2083 2194 2053 2206 2181 2345 2193 2499 2261 1939 2015 2104 2577 2299 2173 2093 1951 2291 2169 2035 2430 1929 2137 2666 2128 2180 2069 2127 2142 2498 2103 2040 1982 2090 2115 2154 2324 2257 2128 2146 2164 2423 2479 2232 2533 2330 2001 2176 2357 1955 2296 2231 2202 2054 2189 2053 2238 2258 2263 2049 2272 2538 2076 2668 1930 2254 2128 2026 2333 2545 2249 2124 2215 2019 2268 2552 2213 2362 2264 2177 2434 2538 2292 2398 1946 2283 2450 2540 2396 2113 
2340 2134 2169 2076 2163 2368 1923 2010 2365 1989 1991 2070 2177 2258 1995 2380 2179 2540 2343 1982 2207 2394 2463 2245 2260 1880 2173 2270 2285 2191 2394 2093 2404 2576 2093 2072 1996 2152 2132 2413 2184 2101 2006 2080 2007 2094 2192 2352 2218 2343 1952 2458 2327 2442 2669 2417 2164 2051 2369 2140 2445 2206 2201 2114 2100 2099 2426 2307 2254 2237 2170 2516 2264 2509 1955 2346 2234 1934 2092 2411 2237 2231 2201 2124 2272 2435 2126 2290 2108 2238 2314 2409 2241 2339 2028 2228 2272 2488 2412 2095 
1833 1815 1872 1989 1735 2100 1803 1740 2226 1737 1662 1895 1975 1905 1870 2167 1721 2194 2062 1754 1804 1934 2080 1883 1964 1593 1775 2048 2018 1444 2036 1944 1862 2207 1980 1766 1895 1938 1785 2311 1828 1964 1801 1719 1937 1943 2012 1932 1949 1916 1698 1934 2111 1945 2080 2198 1818 1709 1821 1688 2151 2060 1847 1955 1954 1855 2073 1961 2018 1919 1953 1947 1912 2323 1630 1825 2013 1729 1947 2208 2018 1937 1847 1856 2127 2025 1838 2021 1871 2130 2109 2128 1938 2088 1876 1749 2037 2090 2065 1949 
2494 2210 2115 2148 2197 2263 1820 1860 2381 1914 2121 2205 1981 2248 2073 2443 2293 2434 2409 2044 2121 2167 2530 2235 2112 1823 2053 2282 2197 2170 2215 2028 2161 2476 2198 2107 2076 2186 2157 2390 2124 1984 2152 2025 2232 2021 2256 2400 2165 2206 2141 2351 2371 2243 2460 2490 2259 2229 2203 1839 2359 2199 2139 2138 2229 1944 2226 2285 2439 2122 2212 2576 2275 2471 1744 2258 2135 1925 2341 2428 2082 2099 2143 2198 2322 2254 2104 2364 2122 2253 2256 2446 2224 2445 2037 2153 2417 2328 2348 1848 
2290 2044 2130 1956 2021 2226 1948 2080 2249 1876 1923 2161 1911 2204 2048 2276 2119 2241 2073 2082 1980 2087 2253 2116 2145 1981 2136 2244 2194 1997 2296 1987 2146 2458 2106 1937 1988 2222 2052 2215 1968 2009 2060 2055 1940 1883 2101 2352 2030 2210 1860 2144 2151 2248 2405 2248 1949 1965 2125 1922 2319 2144 2120 2092 2053 1981 2133 2266 2127 2223 2065 2172 2043 2429 1880 2178 2039 1944 2013 2369 2323 2065 2091 2167 2154 2149 2010 2168 2069 2134 2190 2261 2204 2114 1949 2104 2185 2372 2331 2036 
2268 2096 2063 2099 2109 2304 2091 2118 2404 1932 1990 2148 2180 2172 2220 2409 2189 2509 2300 2105 2075 2223 2357 2131 2103 1803 2067 2286 2330 2021 2337 1995 2242 2494 2106 2223 2125 2241 2060 2438 2279 2152 2058 2011 2064 2125 2362 2252 2194 2196 2036 2278 2432 2159 2508 2420 2121 1916 2072 1877 2365 2361 2282 2215 2104 2173 2216 2237 2320 2127 2241 2359 2029 2435 1868 2176 2282 1826 2058 2639 2177 2161 2210 2158 2394 2329 2060 2212 2066 2223 2201 2496 2062 2231 2076 1974 2293 2209 2268 2024 
2049 1960 1751 1859 1691 1886 1609 1631 2081 1716 1887 1878 1852 1905 1664 2058 1908 2257 2096 1706 1873 1975 2281 1997 1813 1695 1848 1955 1969 1781 1858 1790 1880 2388 1850 1732 1978 1880 1986 1891 1900 1890 1796 1800 1796 1760 1804 2012 1985 1731 1632 1972 2145 1910 2321 2116 1872 1715 2155 1888 2095 1919 1909 1879 1788 1764 2063 1849 2131 2067 1851 2131 1747 2367 1693 2041 2020 1609 1848 2153 1841 1982 2045 1765 1914 2106 1702 1957 1739 1970 1999 2144 1768 1949 1777 1950 2245 2161 2098 1657 
2149 1955 1891 2086 1991 2131 1786 1930 2241 1949 1970 2114 1895 2167 1879 2262 2074 2216 2063 1870 1991 1988 2346 2094 2041 1764 1865 2006 2021 1957 2240 1788 1937 2405 1989 1995 2052 2018 2092 2128 1913 1932 2025 1915 1889 2158 2165 2374 2085 2174 1801 2149 2187 2217 2245 2300 2016 1953 2297 1964 2213 1995 1985 1764 1954 1935 2190 2014 2070 2100 2070 2344 1954 2509 1821 2060 1941 1923 1973 2336 2172 2013 2046 2028 2060 2269 1922 2064 1924 2127 2076 2156 2159 2165 1837 1975 2061 2449 2251 1995 
2216 1894 2095 2159 2009 2354 1879 1936 2313 1951 1832 2122 2049 2167 2089 2335 1951 2289 2196 2023 1991 2065 2357 2166 2129 1832 2007 2332 2241 1921 2309 1932 1980 2499 2125 1954 2032 2023 2007 2363 1961 2003 1972 2022 2097 2080 2138 2338 2119 2247 1956 2149 2418 2236 2363 2417 1953 1963 2154 1890 2257 2085 2106 2052 2104 1961 2214 2150 2240 2287 2161 2268 2188 2592 1753 2056 2115 1970 2036 2521 2226 2173 2051 2125 2266 2288 1947 2198 1942 2256 2358 2316 2125 2265 1915 2112 2259 2444 2336 1871 
2221 2003 2031 1959 1856 2050 1860 1970 2262 2047 1952 2179 1929 2023 1949 2261 2020 2358 2064 2060 1986 2090 2482 2093 2018 1780 1967 2212 2088 2029 2093 1868 1885 2500 2061 2008 2032 2040 2071 2324 2038 2035 1867 1859 1847 1844 2178 2174 2192 1907 1976 2023 2276 2164 2386 2275 1975 1919 2171 1836 2203 2091 1950 1912 2004 1945 2106 2055 2124 2020 2081 2127 2027 2470 1845 2021 1934 1718 2135 2285 1952 2024 2089 1992 2173 2019 1845 2049 1944 2154 2306 2405 1945 2168 1851 2057 2120 2205 2427 1970 
2237 1910 2136 1965 2129 2317 1968 2048 2241 1867 1925 1958 2013 2158 2136 2461 2081 2332 2064 2004 2106 2062 2359 2009 2205 1699 1981 2190 2072 1982 2223 1989 2083 2476 2018 2168 2002 2140 2147 2317 2094 2146 2070 1958 1994 2130 2314 2142 2133 2155 1850 2131 2150 2207 2294 2213 1896 1921 2096 1792 2323 1960 2126 1950 2164 1957 2144 2192 2225 2023 2155 2310 2208 2410 1839 2174 2140 1783 2164 2325 2276 2150 1976 2101 2250 2017 2135 2038 2172 2274 2109 2379 2087 2154 1903 2102 2168 2160 2198 2106 
2176 2041 1898 2031 2044 2276 1764 1932 2213 1940 2012 2074 2030 2157 1894 2332 2050 2375 2198 1875 1904 2193 2386 2123 1984 1685 1960 2056 2107 1943 2195 1919 1952 2556 1898 1964 2044 2057 2129 2166 1991 2048 1918 1966 2028 2003 2205 2263 2143 2073 1885 2136 2355 2232 2382 2441 1942 1793 2295 1964 2170 2076 2146 1913 2000 1946 2299 2085 2248 2250 2066 2409 2184 2621 1846 2151 1971 1907 2003 2372 2256 2079 2040 2048 2203 2127 1977 2090 1973 2068 2262 2319 2103 2297 1875 1929 2166 2225 2301 2016 
1934 1856 1814 1914 1782 2103 1617 1674 2034 1637 1722 1866 1681 1874 1811 2034 1709 2150 1742 1639 1803 2033 1956 2040 1955 1491 1700 1821 1988 1982 1989 1713 1714 2240 1706 1633 1710 1919 1917 2209 1756 1812 1663 1689 1721 1768 1988 1896 1871 1735 1657 1941 2055 2086 2077 1969 1809 1788 1939 1738 1978 1852 1883 1763 1903 1764 2002 1934 1887 1856 1899 2092 1852 2207 1631 1876 1807 1759 1865 2145 1915 1806 1923 1738 2089 1926 1789 2020 1782 1856 2028 2224 1847 2042 1717 1811 2063 2051 1969 1723 
2004 2030 1921 1996 1942 2272 1814 1763 2161 1954 1973 1849 1952 2151 1837 2174 2098 2305 2159 1856 1968 2052 2270 1970 1833 1724 1957 1928 2116 2069 2131 1671 2016 2352 1965 1916 1906 2109 2057 2111 1878 2045 1986 1965 1884 2088 2158 2203 1921 2176 1880 2339 2311 2287 2361 2129 1888 1858 2050 1894 2263 1934 1835 1854 1898 1936 2232 2027 2168 1944 2023 2324 2074 2275 1773 2168 2083 1857 1960 2275 2069 2193 1961 1797 2063 2076 1971 2016 1991 2112 2068 2310 2105 2260 1870 1989 2228 2200 2173 2087 
1729 1755 1802 1783 1608 1957 1443 1734 1977 1739 1636 1815 1701 1775 1782 1891 1877 1862 1894 1520 1755 1832 2110 1765 1694 1535 1727 1829 1743 1785 1836 1608 1893 2017 1669 1667 1483 1685 1758 1879 1771 1668 1590 1795 1704 1672 1822 2049 1741 1839 1648 1918 1900 1922 1843 2022 1806 1662 1831 1637 1885 1744 1884 1599 1662 1608 1824 1655 1795 1844 1865 2134 1761 2060 1581 1915 1804 1604 1806 1940 1874 1898 1821 1925 1781 1820 1585 1846 1629 1898 1853 1931 1810 1813 1434 1790 1985 1888 1998 1628 
2274 2010 2010 2099 1976 2221 1844 2030 2191 1872 2132 2215 2069 2129 2115 2273 1969 2472 2319 1781 2131 2164 2408 1976 2113 1834 2059 2238 2211 2206 2127 2033 1952 2565 1993 2036 2030 2296 2180 2240 1987 2186 2008 1785 1910 1973 2186 2207 2183 2067 1809 2158 2147 2221 2371 2284 2188 2022 2200 1870 2242 2200 2122 2033 2134 1971 2223 2297 2327 2204 2158 2353 1942 2698 1835 2215 2147 1856 2045 2519 2050 2197 2060 2234 2277 2089 1816 2189 1912 2266 2222 2318 1994 2255 1941 2024 2153 2354 2192 1922 
2044 1930 1856 1866 1809 2155 1557 1836 2154 1909 1904 1888 1856 2037 1740 2139 1994 2176 2049 1814 1965 1957 2269 1997 1852 1650 1807 2004 1900 1949 2034 1819 1903 2341 1859 1852 1779 1902 1877 2041 1857 1912 1850 1772 1928 1926 2139 2041 2011 2009 1834 2015 2054 2050 2117 2000 1927 1741 1949 1788 2066 1700 1969 1694 1738 1905 2146 1999 1982 1980 1758 2114 1899 2443 1550 1908 1858 1843 1860 2242 1999 1969 1825 2007 2013 1946 1910 2031 1916 1998 2175 2246 2006 2203 1794 1882 2125 2238 2189 1974 
2017 1909 1793 1877 1819 2071 1776 1919 2125 1833 1872 1874 1859 2016 1838 2264 1904 2208 2029 1720 1988 1948 2189 1874 1942 1567 1691 2132 2043 1824 2115 1814 1828 2372 1805 1871 1966 1942 2103 2011 1997 1954 1958 1956 1800 1905 1982 2054 1896 2000 1901 2078 2296 1914 2204 2150 1863 1834 2040 1770 2099 1934 2181 2059 1920 1948 2143 1916 1985 1970 2041 2145 1925 2266 1840 2127 1913 1733 1874 2368 2039 2076 1936 1944 2068 2123 1811 1946 1971 1952 2104 2363 1891 2079 1748 1915 2092 2017 2011 1828 
2385 2201 2202 2199 2159 2619 1890 2205 2423 2065 2123 2242 2221 2196 2223 2504 2228 2472 2513 2190 2226 2364 2647 2491 2346 1946 2137 2441 2418 2235 2388 2068 2285 2719 2183 2212 2003 2175 2168 2527 2278 2278 2071 2131 2239 2122 2382 2414 2264 2266 2170 2605 2456 2351 2625 2556 2124 2189 2277 2148 2294 2276 2374 2428 2155 2392 2346 2466 2416 2340 2330 2490 2266 2603 1910 2387 2415 2127 2226 2841 2328 2300 2273 2069 2297 2423 2303 2332 2285 2300 2523 2586 2222 2605 1982 2354 2600 2394 2381 2100 
2176 2085 1907 2150 2070 2331 2066 2078 2157 1977 2047 2098 2084 2069 2141 2302 2103 2464 2098 2086 2110 2119 2516 2156 2060 2006 2064 2223 2453 2016 2340 1902 2108 2618 2020 2013 2126 2158 2052 2273 2102 1989 2208 1934 2049 2161 2225 2491 2008 2185 2211 2330 2324 2369 2347 2444 1995 2065 2182 1854 2336 2240 2018 2029 2141 1976 2262 2298 2254 2159 2178 2293 2165 2762 1912 2121 2036 1914 2288 2570 2247 2320 2328 2182 2226 2373 2176 2181 1935 2195 2413 2406 2136 2452 1890 2233 2306 2468 2353 2003 
1970 2123 1903 1996 1768 2094 1829 1865 2268 1882 1949 1941 1819 2038 1842 2254 1955 2247 1955 1742 2044 2127 2229 2017 1897 1728 1896 1968 2135 1845 2137 1845 1975 2352 1812 1892 1872 2108 2049 2308 1851 1951 1932 1937 1937 1893 2192 2117 1994 2127 1913 2200 2211 2107 2205 2280 2010 1765 2078 1922 2228 2037 2014 1976 1855 1897 2146 2122 2032 1940 2068 2257 1978 2318 1780 2046 1974 1803 1984 2269 1981 2008 2020 1870 2036 2117 2024 2120 2022 2147 2191 2351 2061 2110 1886 2029 2217 2125 2264 2022 
2140 1969 1903 1935 1791 2191 1574 1874 2227 1778 1768 2160 1854 2101 1770 2150 1909 2292 2163 1745 1896 2138 2267 2030 2080 1811 1863 2015 2197 1927 2129 1887 1921 2366 1859 1774 1986 2041 1993 2183 1849 1998 1756 1860 1802 1836 2001 2193 2092 1982 1761 2056 2182 2237 2283 2253 1978 1782 2232 1672 2138 2144 2019 1951 2003 1927 2135 2102 2172 2135 2093 2177 1935 2409 1721 2011 1953 1858 1942 2352 2089 1969 1936 2165 2132 1909 1833 2132 1903 2076 2148 2295 2075 2186 1798 2004 2001 2369 2267 1912 
2422 2254 2276 2414 2235 2606 1897 2073 2512 2133 1962 2281 2252 2298 2108 2548 2218 2584 2443 2178 2160 2338 2560 2366 2378 2005 2020 2270 2503 2063 2308 2184 2355 2606 2241 2074 2234 2417 2283 2526 2343 2323 2205 2118 2228 2223 2470 2377 2366 2283 2068 2380 2385 2589 2614 2510 2204 2169 2291 1963 2594 2360 2279 2331 2282 2163 2413 2444 2538 2390 2304 2606 2328 2721 1964 2231 2246 2102 2464 2580 2363 2296 2373 2213 2570 2372 2229 2339 2267 2336 2394 2529 2315 2576 2048 2323 2506 2459 2493 2248 
2371 2132 2058 2096 2085 2226 1833 2102 2310 2066 2007 2320 2071 2307 1975 2481 2178 2482 2239 1945 2111 2179 2332 2285 2191 1819 2093 2190 2267 2054 2507 2087 2226 2642 1994 1920 2184 2191 2264 2357 2141 2065 1938 2077 2010 2030 2340 2334 2426 2294 1993 2182 2267 2317 2423 2381 2081 1847 2205 2030 2278 2259 2203 2022 2053 2087 2368 2241 2221 2223 2111 2294 2103 2667 1880 2231 1989 2016 2074 2547 2281 2257 2302 2222 2338 2258 1992 2082 2194 2082 2529 2593 2315 2406 1878 2075 2232 2583 2439 2151 
2426 2122 2095 2101 2071 2230 1858 2009 2189 2142 2043 2211 1987 2139 2062 2256 2045 2430 2351 1933 2152 2297 2357 2249 2106 1893 2073 2115 2339 2189 2217 2034 1997 2519 1919 1975 2013 2188 2192 2232 2191 2091 2116 2084 1987 2076 2377 2282 2177 2193 1921 2330 2296 2322 2387 2289 2004 1981 2291 1977 2320 2100 2196 1936 2011 2121 2448 2192 2213 2051 2246 2382 2020 2402 1951 2234 2214 2163 2164 2622 2429 2257 2133 2157 2386 2344 2060 2307 2078 2122 2408 2538 2237 2438 1964 1962 2309 2454 2257 2018 
1958 1972 1896 1881 1782 2030 1629 1690 2141 1695 1734 2050 1663 1824 1912 1944 1893 2076 1979 1716 1893 1979 2094 1871 1943 1652 1863 1928 1915 1795 2002 1910 1835 2279 1831 1827 1797 1853 2026 1984 1785 2013 1736 1725 1781 1953 1861 1984 1813 1940 1716 2011 2129 2083 2137 2030 1703 1676 2018 1658 2138 1947 1791 1859 1858 1814 2099 1840 1936 1886 1966 2121 1835 2193 1654 1980 1872 1732 1934 2194 1924 1929 1883 2013 2044 1819 1753 1866 1873 1808 1949 2211 1811 2028 1762 1752 1912 1965 2019 1845 
2146 1971 1942 1970 1963 2257 1769 2033 2088 1994 1965 2098 2135 2132 1877 2299 2147 2419 2329 1955 1975 2099 2419 2121 2052 1781 2005 2231 2109 1838 2205 1828 2040 2453 2040 2048 1945 2100 2051 2330 2089 1953 2075 1866 1986 2103 2265 2256 2101 2006 1891 2128 2113 2117 2352 2196 2049 2021 2102 1844 2187 2170 2252 2082 2020 1979 2216 2037 2074 1995 2036 2117 1861 2514 1799 2201 1994 1707 2104 2327 2269 2053 1961 2149 2303 2010 1994 2194 1999 2098 2295 2283 2066 2095 2007 1930 2223 2385 2342 2010 
2101 1904 1912 1878 1853 2169 1773 1854 2061 1877 1851 2048 2051 2066 1968 2207 1960 2290 2103 1887 1947 1972 2402 2067 2007 1874 2009 2124 2094 1957 2068 1700 1957 2491 1840 2001 1948 2125 1929 2184 1960 2037 1968 1910 1859 1837 2271 2319 2028 2073 1825 2143 2140 2113 2127 2150 1861 1869 2113 1825 2149 2194 2101 1898 1908 1982 2090 2124 2039 1988 1986 2186 1806 2390 1887 2024 1955 1944 2110 2396 2218 1998 1991 2125 2000 2150 1956 2180 2017 2140 2365 2291 1990 2152 1850 1902 2113 2330 2140 1989 
2183 1951 1748 1875 1754 1842 1677 1783 2105 1660 1808 1889 1719 1997 2015 2151 2054 2168 2076 1681 1944 1876 2084 1942 1890 1680 1843 1921 2082 1870 1944 1740 1854 2309 1889 1916 1830 1971 1967 2049 1832 1876 1818 1846 1934 1845 1951 2015 1895 1865 1569 2105 2017 2013 2288 2053 1995 1767 1988 1708 2116 1983 1850 1688 1890 1853 2176 1903 1960 1954 1866 1990 1774 2203 1805 2023 2067 1650 1880 2242 1919 2062 1984 1898 2065 2032 1695 1872 1915 1903 1745 2009 1831 2006 1736 1793 1953 2089 2075 1769 
2062 1829 1904 1760 1837 2083 1678 1757 1965 1709 1720 1901 1826 1958 1747 2080 2022 2077 1939 1796 1760 1978 2063 1767 1827 1524 1854 1835 1893 1828 2099 1917 1695 2228 1765 1741 1789 1921 1825 2043 1908 1928 1671 1798 1683 1619 1913 1918 1798 1843 1690 1962 2055 1929 2096 1992 1708 1861 1844 1878 2097 1674 1906 1842 1697 1772 1891 1982 1960 1831 1711 2050 1942 2142 1469 1843 1957 1668 1871 2251 1922 1770 1823 1856 1912 1962 1869 1882 1892 1901 1918 2165 1812 1923 1814 1818 2089 2013 1967 1819 
2342 1972 1919 1840 1985 2274 1694 1916 2194 1943 2013 2307 2017 2232 2001 2255 2127 2491 2400 2066 1956 2189 2374 2195 2006 1849 1991 2111 2175 1905 2225 1843 1918 2429 1985 2146 2075 2310 2000 2314 2133 2115 2033 1850 1985 1981 2315 2387 2128 2073 1856 2212 2161 2193 2425 2250 2081 1939 2221 1764 2213 2310 2165 1989 2019 2095 2344 2099 2326 1978 2050 2089 1948 2463 1874 2143 2089 1858 2137 2364 2149 2067 2098 1910 2335 2104 1914 2064 2001 2087 2113 2377 2058 2106 2089 1857 2050 2325 2411 2090 
2217 1904 1992 2088 1981 2227 1851 1976 2347 1917 1920 2109 1961 2167 2023 2424 2116 2439 2128 1892 2128 2161 2387 2117 2094 1667 1987 2127 2232 2056 2237 2041 2136 2382 2055 1990 1986 2094 2139 2386 2141 2065 1975 2042 2063 1969 2259 2365 2155 1967 1973 2406 2357 2151 2357 2339 2181 2021 2089 1798 2205 2140 2336 2099 2072 2107 2257 2159 2163 2027 2104 2350 2096 2314 1828 2130 2203 1898 2183 2462 2249 2186 2103 2007 2256 2221 2059 2309 2083 2205 2348 2595 2188 2222 1994 1965 2368 2254 2359 1979 
2273 1944 1791 2033 1897 2193 1767 1911 2164 1821 1840 2005 1889 2173 1906 2375 2101 2320 2334 1882 2049 2122 2273 2018 2178 1993 2104 2149 2231 2067 2352 1696 2107 2369 2033 2038 1950 2228 1941 2296 2025 1947 2036 1817 1820 1949 2179 2162 2233 2097 1902 2222 2304 2178 2429 2358 1998 1744 2097 1723 2074 2246 2261 2051 1971 1992 2055 2293 2217 2023 1963 2163 1953 2568 1842 2186 2040 1787 2030 2521 2110 2172 2111 2150 2252 2085 2011 2184 2131 2058 2161 2354 2004 2286 1905 1953 2189 2361 2169 2027 
1844 1689 1593 1725 1643 1881 1554 1536 1826 1573 1705 1723 1631 1860 1575 1886 1783 2054 1736 1748 1782 1874 1873 1727 1690 1605 1652 1619 1927 1645 1757 1628 1722 1995 1686 1662 1810 1920 1791 1997 1807 1724 1818 1490 1583 1537 1821 1956 1770 1729 1523 1809 1927 1877 2131 1838 1722 1637 1745 1655 1989 1863 1699 1743 1720 1655 1797 1761 1908 1743 1560 1782 1600 2022 1574 1765 1686 1496 1717 1891 1810 1661 1850 1712 1949 1821 1673 2004 1802 1738 1840 1997 1840 1792 1815 1586 1888 1930 1894 1633 
2095 2029 1919 1955 1878 2093 1729 1823 2130 1759 1827 1841 1825 2045 1854 2198 1983 2177 2145 1660 2052 2111 2216 1967 1905 1608 1977 1918 2143 1951 2218 1935 1891 2351 1856 1654 1717 1961 2018 2198 1983 1887 1728 1943 1860 1759 2075 2028 2039 2008 1825 2139 2134 2026 2381 2173 2067 1912 2182 1815 2114 1984 1955 1840 2073 1867 2101 2074 2099 1981 2065 2358 1996 2342 1712 2028 1844 1885 1964 2194 2035 1912 1986 1978 2118 2001 1685 1997 1906 1938 1986 2237 2028 2287 1797 1844 2100 2165 1970 1922 
2232 1994 1836 1949 2071 2152 1798 1943 2220 1974 2055 2026 2191 2153 2004 2270 2132 2389 2213 1908 2026 2077 2313 2219 1983 1840 2154 2129 2128 1993 2323 2014 1984 2535 1977 1966 2170 2059 2103 2378 1974 1945 2102 1903 2010 2051 2143 2170 1954 2026 1916 2126 2357 2053 2319 2311 1942 1992 2028 1829 2163 1942 2072 1858 1975 1861 2202 1975 2108 2068 2116 2202 1995 2459 1659 2232 2052 1893 2021 2401 2183 2056 2109 2125 2274 2230 1930 2037 1841 2135 2245 2552 2030 2189 1956 1965 2203 2333 2129 1934 
2150 1963 1936 2048 1942 2024 1819 1767 2199 1903 1917 1935 1765 2025 1954 2173 2033 2161 2209 1765 2069 2101 2227 2106 2110 1832 1923 2010 2156 2015 2094 1806 2029 2215 2067 1889 1968 2034 2189 2227 2011 2032 1987 1873 1886 1939 2211 2094 2117 2031 1826 2237 2355 2149 2416 2361 2013 1811 2062 1774 2084 2043 2024 2029 1950 1982 2172 2122 2331 2019 2070 2202 1911 2265 1838 2141 2041 1946 1940 2450 2109 2150 2001 1843 2095 2196 1963 2246 2094 2075 2101 2337 1955 2237 1866 1936 2285 2267 2244 1925 
2148 2035 1921 2075 1997 2332 1783 1846 2280 1937 1981 2084 2024 2142 1941 2168 2067 2245 2174 1922 1931 2074 2432 2222 2070 1761 1821 2304 2086 1753 2184 1859 2039 2456 2054 2127 2039 2090 2095 2293 2000 1979 1880 2011 1946 2052 2338 2192 2048 2069 1991 2151 2219 2133 2469 2182 1977 1790 2170 1957 2187 2256 2161 1893 2010 1947 2299 2073 2115 2190 2139 2384 2029 2463 1914 2241 2003 1733 2151 2365 2084 1981 2102 2103 2140 2303 1978 2085 1986 2179 2276 2245 2029 2205 1933 1983 2203 2306 2185 1884 
1966 2024 1926 2066 1921 2090 1787 1816 2035 1715 1833 1963 1901 1895 1866 2021 2013 2029 2003 1835 1856 2025 2287 2044 1817 1811 1943 2061 2058 1832 2054 1770 1813 2468 2035 1788 1827 1957 1979 2278 1876 1827 1854 1742 1944 2005 2230 2119 1857 1955 1902 2017 2203 2136 2261 2259 2045 2027 2007 1693 2237 2037 1784 1875 2021 1760 2001 2111 2035 1892 2064 2201 1872 2316 1719 1993 1915 1791 2067 2315 1976 1987 1962 1892 2019 2064 1884 2153 1626 2010 2082 2277 1936 2166 1918 1818 2072 2141 2029 1782 
2074 2078 2014 2091 1963 2183 1678 1669 2359 1906 1878 1884 2037 2189 1924 2363 2165 2369 2153 1729 2095 2228 2300 2113 2031 1668 1955 1946 2174 2029 2196 1821 1900 2376 2040 1988 1975 2033 2022 2266 1968 1957 2001 1746 1906 1918 2361 2142 2108 2117 1779 1917 2300 2062 2368 2166 2249 1890 2155 2054 2041 1872 2066 1835 1941 1945 2384 1980 2101 2010 2006 2201 1979 2338 1815 2048 1947 1874 1964 2303 2068 1949 2048 2042 2253 2074 1953 2071 2123 2220 2176 2369 1975 2166 1838 1744 2214 2231 2241 2035 
2207 1898 1887 1955 2015 2068 1835 1766 2212 1919 1896 1929 2007 2190 2041 2268 2025 2381 2045 1773 1902 2015 2234 2055 2032 1724 1892 2088 2152 1880 2061 1927 1912 2483 1847 1872 1924 1967 1933 2324 2059 2002 2060 1724 1877 1817 2194 2162 2028 1980 1748 2199 2128 2074 2304 2166 1948 2033 1994 1848 2150 2047 2131 1746 1938 1966 2186 2012 1956 1910 1952 2321 1934 2347 1818 1945 2042 1811 2175 2423 2151 2064 2063 1982 2128 2248 1897 2084 2109 2097 2146 2230 2004 2093 1905 1864 2142 2258 2186 1941 
2346 1972 1954 2122 1884 2123 1838 1753 2257 1948 1902 2171 2035 2050 2025 2094 2125 2266 2246 1968 1982 2209 2314 2086 2224 1881 2063 2138 2318 2180 2183 1979 2042 2460 2125 1916 2062 2140 2095 2195 1994 2075 1891 1887 1978 2096 2095 2265 2159 2060 1957 2233 2303 2304 2213 2453 2096 1999 2015 1939 2312 2096 2018 2068 1965 1988 2043 2166 2351 2231 2075 2200 2192 2357 1752 2172 2112 1858 2065 2479 2123 2111 2141 2007 2109 2271 1988 2226 2026 2039 2179 2431 2037 2192 1945 2030 2274 2472 2311 1935 
2363 1973 1910 2025 2033 2333 1991 1875 2306 1875 1961 2190 2031 2235 1965 2468 2210 2545 2333 2123 1942 2090 2427 2191 2199 1850 2055 2180 2285 2039 2382 1892 2131 2512 2050 2129 2146 2139 2089 2278 2253 2081 2014 1921 2027 2150 2250 2417 2301 2182 1959 2390 2412 2190 2524 2385 2082 1783 2359 1883 2140 2251 2153 1925 1980 2079 2343 2099 2374 2106 2111 2278 2066 2665 1857 2222 2197 1875 2089 2535 2266 2218 2169 2101 2152 2349 2134 2153 2035 2110 2402 2494 2108 2321 1938 2058 2313 2553 2454 1931 
