1965 2062 1969 1872 2053 1918 1993 1820 2072 1868 2159 1743 1665 1790 2026 2085 2076 1964 1789 2007 1721 1871 1873 2009 1919 1749 2058 1486 1863 1576 1886 1932 2079 2023 2035 2095 1551 1794 1623 1700 1854 2171 1678 2017 2037 2026 1583 1704 1813 1828 1839 1973 1891 1947 2012 2075 2130 1972 1876 2042 1815 1972 2104 2009 1953 2032 1755 1802 2100 1869 1874 1916 2032 1933 1796 1963 1889 1941 2032 1913 1940 1927 2309 1981 1651 1958 1688 2090 1590 1861 2214 1982 2105 2059 1996 2186 1819 1929 1740 1694 
2030 2233 2284 2090 2127 2012 1878 1890 2188 2097 2208 1793 1877 2059 2131 1995 2049 2268 1802 2206 1788 2111 1883 2259 2176 1807 2025 1957 2118 1936 1790 2218 2131 2018 2000 2175 1696 1871 2010 1909 2058 2087 1854 2255 1999 2189 1895 1818 2157 1893 2014 1995 1976 2105 2233 1932 2082 2083 1852 2076 1852 2150 2032 2097 2220 2217 1816 1954 2202 1993 1967 1992 2198 2032 1874 2054 2054 2065 2283 2052 2017 2062 2293 2130 1727 2195 1764 2081 1754 1734 2269 2349 2164 1898 2171 2384 1961 2015 1848 1805 
1997 2061 2098 2035 2065 1974 2029 1911 2230 2050 2005 1753 1717 1948 2010 2106 2092 2101 1848 2034 1687 1870 1931 2026 2092 1749 2060 1847 2082 1831 1990 2165 2180 2207 2027 2070 1595 1813 1881 1749 1897 2179 1677 2036 2184 2003 1671 1721 1978 2027 2024 1843 2077 1851 2148 2060 2013 1944 1829 1887 1752 1990 2105 2004 1988 2099 1741 1916 2215 1931 1823 1782 2054 2029 1832 1939 1711 2031 2084 1939 2017 2087 2225 1944 1619 2054 1637 1983 1747 1886 2233 2240 2234 2054 2027 2061 1878 1878 1705 1814 
2068 2043 2258 2026 2180 1938 2099 1981 2278 2065 2068 1897 1768 1934 2087 2300 2169 2114 2009 2160 1774 1981 2065 2248 2017 1870 2118 1746 1959 1823 1996 2022 2204 2172 2011 2193 1588 1872 1814 1831 2000 2141 1861 2137 2095 2112 1797 1978 2033 1961 2011 2001 2075 2036 2100 2205 2291 2015 2009 1986 1888 2042 2095 2028 2163 2103 1928 1925 2372 1837 1795 1873 1962 2175 2045 1996 1986 2134 2065 2095 2052 2180 2138 2005 1794 2200 1830 2253 1568 2061 2512 2209 2144 2066 2138 2266 1914 1974 1692 1834 
1841 2110 1924 1939 2096 1832 1766 1928 2057 2039 2067 1588 1539 1833 1816 1805 2138 2010 1703 1959 1744 1974 1825 1996 2173 1823 1639 1792 1892 1720 1840 1894 1955 2052 2075 2076 1552 1913 1796 1600 1943 1948 1773 2012 1950 1961 1721 1741 1957 1833 1938 1846 1713 1821 2063 1874 1920 1815 1740 1947 1781 1931 1928 1955 1914 2032 1736 2016 1976 1846 1819 1856 1898 1936 1763 1852 1760 1795 1895 1938 1928 1996 2051 2089 1612 1996 1623 2139 1517 1771 2329 2131 2085 1966 2034 2197 1897 1842 1624 1592 
1958 1967 2240 1973 1811 1956 1853 1880 2198 1865 1962 1857 1753 1969 1862 1999 2002 2048 1878 2005 1719 1873 1909 2044 2144 1749 1781 1779 2102 1895 1993 1976 1909 2003 1847 1874 1567 1757 1968 1694 1866 1861 1863 2040 2087 2019 1644 1653 1874 1839 1876 1845 1888 1978 2045 1986 2113 1997 1897 1936 2011 2041 1996 1848 2093 1973 1838 1938 2232 1864 1908 1772 2002 1926 1801 1868 1913 1784 1877 1921 1878 2001 2086 2068 1707 1985 1785 2197 1748 1999 2176 2163 2137 1884 2077 2122 2024 1919 1785 1669 
2080 2341 2253 2284 2253 2102 2155 2132 2410 2082 2298 1850 1856 2256 2152 2214 2197 2519 1928 2262 1780 1968 1966 2473 2344 2065 2252 1885 2207 1744 2133 2264 2394 2455 2211 2244 1831 2011 1971 2032 2136 2190 2046 2202 2124 2232 1855 1890 2253 2180 2150 2048 2093 2237 2170 2090 2259 2026 1999 2351 1919 2325 2231 2145 2427 2300 1972 2053 2327 2035 1969 2089 2186 2181 2050 2168 2010 2229 2226 2179 2069 2182 2335 2277 1859 2362 1941 2395 1945 1998 2493 2322 2298 2288 2131 2323 2109 1982 1922 1920 
2209 2252 2257 2198 2221 2054 2102 1997 2155 2191 2135 1765 1825 2075 2258 2282 2324 2199 1860 2097 1914 2038 1987 2146 2218 1860 2091 1915 2209 2071 1906 2106 2177 2104 2082 2178 1837 2113 2024 1935 2139 2103 1907 2254 2153 2373 1834 2103 2042 2136 2129 2202 1841 2297 2217 2231 2165 2059 1930 2177 2159 2069 2293 2111 2181 2198 1864 2116 2264 2150 2139 2010 2161 2046 1950 2115 2141 2227 2120 2163 2022 2150 2554 2137 1907 2242 1922 2421 1906 2153 2474 2485 2282 2097 2321 2361 2097 1984 1757 1814 
2120 2032 2234 2173 2199 1968 2008 1991 2270 2202 2175 1875 1723 2007 2119 2036 2284 2083 2129 2108 1855 1932 2035 2065 2230 1870 2093 1864 2094 1747 2083 2134 2253 2207 2063 2047 1701 2011 2070 1946 1931 2081 1909 2319 1974 2202 1738 1945 1916 2028 2096 2204 1865 2211 2196 2149 2099 2234 1894 2098 1934 2034 2249 2069 2136 2263 1906 2066 2093 2017 2009 2040 2141 2114 1913 2050 1985 2088 2104 2258 2116 2256 2295 2154 1861 2295 1841 2217 1722 2066 2441 2367 2129 2125 2289 2400 2056 2002 1811 1799 
2009 2145 2225 2051 2084 2042 1967 1834 2145 1915 2210 1500 1741 1841 1993 2045 2055 2042 1854 2126 1715 1960 2120 2209 2172 1840 1992 1726 1976 1744 1878 1971 2103 2098 1843 2047 1520 1818 1945 1793 1886 1961 1982 2242 1965 1962 1763 1727 2101 1787 1917 1948 1917 2010 2123 1836 2005 2062 1665 2032 1847 1952 2159 2012 2083 2019 1791 1951 1883 1812 1598 1922 2086 1908 1675 2075 1951 2013 2076 2014 2050 2116 2244 2008 1643 2179 1748 2151 1718 1833 2289 2224 2207 1949 1989 2193 1887 1848 1784 1966 
2007 1934 1891 1952 1938 1903 1849 1895 2111 1882 2070 1585 1693 1853 2089 2006 2141 1932 1789 1897 1814 1795 1898 1991 2014 1696 1886 1678 1864 1827 1831 1738 2049 1963 1872 1858 1601 1877 1725 1671 1747 2039 1804 2144 1890 1834 1559 1751 1984 1889 1953 1806 1835 1880 1893 1961 1997 1990 1785 1934 1811 2106 2037 1935 1874 1946 1740 1845 2088 1905 1941 1833 1991 1987 1775 1927 1733 1928 1825 1984 2013 2095 2026 1954 1670 2081 1733 2080 1589 1850 2124 2141 2036 1938 2094 2091 1856 1794 1608 1741 
1954 2003 2134 1868 1940 1783 1969 1971 1969 1917 2011 1716 1759 1817 2032 2034 2102 2016 1879 1930 1674 1827 1934 1851 2027 1734 1917 1690 1768 1741 1962 1962 2115 1980 1945 1951 1513 1657 1804 1800 1759 1905 1665 2043 1907 1738 1687 1735 2044 1889 1936 1880 1867 1929 2028 1935 2021 1932 1778 1976 1936 1872 2140 2024 2079 2019 1823 1878 2108 1975 1652 1842 1967 1894 1812 1958 1790 2050 2056 1961 1965 1969 2140 1990 1818 2112 1729 2042 1583 1712 2184 2028 2065 1869 1982 2218 1859 1926 1853 1824 
1974 2005 2075 1972 1780 1919 1861 1809 2160 1853 2015 1717 1650 1907 2005 1928 1823 2047 1669 1928 1662 1799 1731 2031 1964 1807 1926 1822 1948 1798 1882 1921 2039 2085 1891 1937 1475 1654 1747 1796 1662 1890 1809 2027 1828 1885 1600 1749 1864 1784 1995 1774 1868 1904 2087 2055 1998 1863 1874 1954 1777 1775 1951 1853 1962 1921 1720 1881 2038 1746 1665 1814 1981 2053 1874 1821 1843 1826 1966 1944 1991 2069 2038 1830 1710 2133 1730 1975 1674 1790 2071 2190 2014 1914 2128 2085 1880 1791 1623 1469 
2046 2091 2173 2003 2228 1777 2018 1952 2027 1943 2172 1746 1777 1952 1985 2217 2186 2261 1781 2043 1739 1829 1995 2273 1980 1968 1956 1745 1997 1767 1919 2061 2347 2220 2203 2183 1665 1901 1731 1870 1984 2057 1831 2189 1985 1959 1709 1826 2022 2092 1868 1917 1916 2101 2202 2092 2225 1829 1859 2018 1769 2046 2175 2118 2270 2121 1868 2067 2260 2053 2013 2017 2054 2137 2028 2010 1996 2153 2198 2075 1934 2089 2249 2067 1696 2161 1826 2284 1791 1910 2424 2325 2199 2083 2108 2081 1722 1942 1851 1720 
2187 2016 2194 2051 2113 1935 1931 1949 2231 1949 2158 1796 1698 2070 2030 1948 2076 2120 1947 2102 1759 1940 1958 2017 2080 1999 2069 1836 1948 1841 1972 1964 2070 2112 2048 2002 1600 1822 1957 1860 1882 2111 1807 2122 2019 1993 1626 1792 1978 1883 2006 1996 1850 1914 2204 2124 1993 2094 1766 1973 1809 1977 2082 1925 2125 2103 1944 1970 1936 1894 1991 1925 2068 2134 1779 1940 1944 1977 2022 2014 2024 2104 2259 1997 1627 2133 1678 2123 1722 1742 2297 2305 2154 2163 2174 2210 1902 1942 1725 1804 
2281 2321 2237 2112 2206 2046 2041 2048 2267 2168 2264 2080 1906 2145 2148 2316 2293 2171 2060 2130 1926 2062 2129 2155 2303 1952 2062 1844 2182 1813 2007 2115 2084 2246 2090 2136 1819 1966 2044 1853 2076 2232 2002 2159 2160 2133 1733 1895 1964 2040 2166 2131 2030 2137 2291 2213 2266 2154 1973 2084 2195 2151 2327 2196 2320 2096 2044 2085 2408 1958 2085 2012 2074 2112 1959 2062 1934 1994 2079 2141 2125 2209 2497 2245 1760 2420 1855 2360 1831 2185 2424 2401 2211 2108 2316 2304 2106 2054 1829 1851 
2063 2025 2344 2162 2076 2150 2009 1985 2246 2147 2297 1928 1878 2154 2201 2180 2235 2371 1962 2260 1975 1934 2050 2244 2347 1954 2023 1843 2141 1960 2011 2152 2317 2195 2158 2145 1759 1967 1952 1989 2057 2007 2014 2199 2208 2179 1713 1717 2038 2129 2143 2084 2146 2040 2014 1934 2202 2172 1894 2054 2091 2150 2295 2220 2159 2174 2081 1976 2290 1900 1758 1875 2104 2119 2044 2069 2026 2073 2159 2145 2209 2276 2271 2323 1864 2432 1944 2182 1729 2121 2453 2398 2178 2230 2241 2322 2109 1976 1919 1945 
1943 2105 2257 1985 2248 2104 2038 1777 2185 2036 2008 1871 1671 2017 2207 2212 2151 2170 2175 2174 1666 1923 2098 2137 2070 1743 1977 1824 1971 1848 1883 2161 2187 2059 1918 2044 1622 1855 1879 1904 1804 1936 1818 2231 2043 2080 1818 1903 2119 1820 1973 1984 1884 2156 2262 2107 2098 1978 1884 2033 2038 1850 2108 2084 2064 2179 1880 1969 2233 1923 1931 1883 2018 2015 1990 1940 1876 2117 2105 2143 2208 2154 2291 1966 1837 2315 1742 2089 1637 1929 2375 2423 2214 1892 2227 2312 1918 1967 1791 1847 
2090 2156 2079 2038 2152 2043 1898 1809 2148 2200 2176 1866 1582 2033 2145 2174 2155 2013 1993 2001 1822 2093 1837 2046 2080 1746 1863 1885 2045 1912 1807 2098 2052 2106 1893 2148 1694 1778 1951 1881 1984 2034 1902 2027 2089 2132 1742 1850 1893 1811 1964 2138 1901 1927 2297 2184 2062 2019 1703 2111 1979 2027 2267 1924 1965 2149 1831 1894 2082 1948 1967 2003 1992 2047 1885 2060 1931 1973 1951 1990 2061 2085 2316 1874 1647 2109 1585 2229 1802 1856 2286 2437 2102 2020 2177 2105 1903 1891 1612 1858 
2190 2205 2199 2098 2385 1872 2135 2045 2251 2192 2147 1993 1915 2212 2137 2324 2414 2352 1977 2059 1886 2026 2139 2028 2214 2080 2046 1866 1986 1933 2017 2140 2221 2256 2155 2182 1765 1956 2171 1952 2052 2235 2001 2062 2355 2154 1847 1994 2133 2274 2051 2058 1949 2169 2187 2183 2306 2136 1946 2091 2032 2180 2294 2260 2336 2308 1997 2061 2354 2065 2083 1943 2134 2263 1974 2116 2038 2188 2058 2228 2260 2315 2247 2227 1697 2255 1869 2339 1829 2025 2274 2334 2294 2259 2292 2389 1948 2096 1841 1898 
2094 2156 2349 2268 2122 1948 2088 2100 2293 2082 2166 1926 1772 2070 2280 2238 2203 2258 1998 2206 1926 2042 2119 2310 2352 1791 2037 1850 2037 2105 1933 2255 2252 2334 2027 2176 1714 1825 1883 2013 2245 2194 1993 2176 2144 2256 1720 1915 2112 2146 2163 2077 2102 2098 2273 2121 2232 1925 2099 2187 1988 2129 2211 2310 2275 2243 1936 1938 2366 2077 2050 1902 2212 2183 2001 2215 2034 2036 2312 2118 1989 2181 2497 2105 1679 2325 1939 2358 1903 2066 2520 2434 2134 2144 2215 2374 2179 1978 1924 1961 
2115 2224 2430 2154 2346 2114 2177 2052 2297 2091 2098 1955 1854 2196 2245 2262 2352 2230 2149 2202 1809 2109 2039 2398 2174 2039 2135 2075 2258 1975 1945 2357 2448 2298 2083 2371 1692 1982 2061 1890 2101 2219 2028 2213 2198 2315 1801 1970 2090 2015 2053 2020 2096 2173 2261 2152 2310 2083 2016 2077 1908 2060 2144 2142 2339 2179 2012 2100 2469 2001 1937 1970 2144 2214 2053 2082 1964 2279 2354 2264 2165 2220 2381 2103 1898 2421 1978 2319 1814 2045 2435 2460 2522 2118 2376 2327 1939 2017 1838 1932 
2161 2041 2128 2005 2022 2005 1981 2075 2305 1894 2322 1719 1777 2015 1963 2207 2100 2182 1847 2030 1791 1913 1933 2324 2068 1944 1939 1829 2004 1967 2036 2105 2316 2181 2087 2102 1675 1963 1838 1879 2042 2069 2084 2299 2124 2102 1760 1895 2020 2110 2204 1912 1968 1875 2097 2121 2288 2038 1974 1972 1762 2069 2152 2110 2161 2234 1904 1959 2271 2040 1876 1948 2266 2142 1899 2147 2031 2035 2165 2054 2038 2106 2123 2045 1858 2195 1837 2349 1959 1974 2436 2174 2140 2065 2106 2189 2114 1979 1772 1879 
2058 2227 2331 2198 2281 1944 2178 2080 2345 2295 2272 1853 1863 1951 2183 2095 2307 2326 1953 2281 1784 2253 2199 2134 2276 1786 1989 1752 2177 1926 2084 2142 2346 2233 2093 2110 1601 1857 2124 1926 2134 2169 1901 2399 2112 2216 1982 1892 2185 2056 2109 2117 1976 2136 2253 2144 2219 2209 1742 2266 2151 2065 2233 2191 2337 2158 2102 2042 2185 2036 1923 2117 2245 2090 1951 2123 2024 2053 2110 2145 2245 2364 2243 2185 1810 2383 1832 2417 1734 2048 2472 2383 2225 2186 2333 2326 2027 2011 1991 1829 
2144 2083 2333 2183 2169 2031 1878 1993 2254 2079 2251 1830 1731 2156 2150 2060 2080 2224 1943 2206 2034 1999 2038 2137 2227 1825 2006 1949 2152 2014 1985 2034 2130 2175 2119 2098 1742 1895 1942 1879 2045 2143 1847 2135 2031 2142 1648 1887 2115 2041 2037 1980 1945 1991 2206 2055 2114 2172 1758 1949 1969 2175 2039 2144 2015 2171 2006 1945 2217 1944 1821 1911 2059 2083 1790 2054 1926 2033 2150 2121 2016 2246 2271 2065 1728 2273 1837 2309 1721 1943 2367 2313 2176 2194 2199 2258 1945 2012 1802 2039 
2390 2339 2208 2163 2122 2044 2080 2172 2347 2281 2259 1870 1835 2011 2174 2316 2148 2383 1930 2115 2001 1980 2074 2269 2269 1841 2062 1898 2119 2082 2002 2160 2320 2331 2228 2216 1884 1999 1918 2174 2091 2239 1921 2167 2142 2065 1777 1982 1982 2134 2143 2070 2096 2151 2319 2235 2384 1973 1917 2105 2095 2180 2275 2270 2333 2223 1986 1934 2325 2126 2007 2053 2255 2229 1983 2293 2003 2181 2199 2166 2023 2143 2388 2177 1989 2307 1898 2316 1919 2092 2634 2329 2200 2058 2274 2311 2029 1947 1805 2051 
2117 2204 2314 2220 2100 2126 1999 2091 2370 2089 2206 1864 1783 2080 2183 2337 2229 2259 1886 2236 1978 2048 2149 2216 2214 1879 1950 1915 2110 2045 1967 1892 2340 2271 2154 2185 1627 1920 1777 2105 2128 2147 1886 2314 2123 2113 1683 1910 1911 2086 2287 2091 2081 2008 2257 2159 2242 2069 1954 2027 1940 2184 2086 2201 2058 2084 1858 1865 2374 1928 1939 2117 2034 2249 1904 2078 1940 1995 2236 2216 2185 2239 2360 2028 1838 2261 1879 2273 1828 1978 2378 2332 2247 2104 2187 2383 2002 2003 1782 2069 
2355 2284 2404 2411 2279 2200 2110 1978 2493 2107 2338 2005 1832 2300 2157 2283 2196 2468 2146 2353 1790 1936 2166 2392 2332 2049 2063 2011 2156 2099 1992 2236 2341 2137 2066 2361 1836 1962 2025 2023 2084 2214 2058 2299 2175 2304 1842 1922 2170 2180 2046 2261 1963 2309 2396 2141 2352 2290 1923 2227 1944 2183 2316 2283 2232 2360 1994 2065 2409 2042 2087 2067 2144 2291 2077 2040 2040 2226 2228 2328 2208 2372 2454 2117 1774 2414 1758 2318 1964 2081 2504 2574 2358 2120 2316 2496 2054 2087 1825 2117 
2056 2187 2157 2160 2194 1940 2003 2008 2306 2059 2111 1883 1517 1949 2010 2020 2162 2323 1955 2151 1466 2004 1977 1973 2260 1760 2052 1880 1991 1887 2067 2083 2173 2191 1978 2151 1599 1848 1827 1699 1895 2240 1898 2151 2021 2181 1803 1915 2145 1951 1894 2031 1682 2194 2300 2120 2251 2033 1792 2170 1891 1886 2190 2048 2234 2110 1924 2132 2135 1940 1848 1908 2080 2022 1745 1898 1898 2156 2075 2203 2028 2162 2142 1978 1839 2126 1835 2138 1719 2042 2436 2172 2382 2063 2184 2232 2013 1959 1781 1740 
2085 2281 2241 2191 2219 1875 2100 1926 2363 2054 2378 1929 2051 2086 2127 2257 2276 2385 1992 2235 1749 1917 2123 2217 2247 1791 2183 1889 2129 1948 2030 2184 2376 2216 2048 2051 1731 1963 1906 1925 2005 2106 1931 2411 2136 2289 1918 1861 2099 2119 2077 2102 2043 2149 2298 2212 2305 2084 1881 2169 2014 2096 2265 2217 2304 2236 2009 2041 2298 2072 1946 1848 2183 2181 1963 2080 2086 2078 2237 2149 1941 2289 2318 2313 1839 2176 1931 2243 1892 2103 2432 2358 2260 2231 2200 2366 2100 2083 1989 1904 
2183 2113 2256 2092 2036 1969 1919 1936 2340 1985 2242 1842 1729 1983 2073 2116 1916 2082 1981 2143 1836 1964 2045 2164 2294 1687 2056 1815 2030 1957 2013 2132 2046 2182 1907 1925 1653 1810 1994 1878 1989 2009 1888 2092 2152 1982 1651 1670 2054 1874 1930 2013 2067 1998 2246 2014 2181 2126 1786 1995 2041 2241 2191 2050 2236 2099 1963 1875 2082 1937 1779 1740 2168 1924 1804 2225 2019 2011 2079 2075 2080 2047 2171 2136 1760 2131 1873 2247 1772 1969 2471 2279 2026 2060 2272 2225 2129 1981 1837 1959 
2477 2238 2394 2297 2339 2241 2314 2108 2460 2354 2314 1967 1841 2090 2282 2306 2256 2458 2188 2403 1845 2125 2223 2330 2339 2076 2257 1898 2209 1964 2053 2272 2255 2261 2179 2205 1875 2056 2213 2154 2168 2487 2158 2326 2188 2413 2061 2111 2241 1958 2194 2154 2177 2429 2522 2263 2289 2126 1947 2203 2165 2196 2344 2256 2394 2410 2145 2179 2355 1997 2148 1954 2442 2297 1980 2179 2161 2209 2226 2172 2275 2300 2441 2317 1941 2581 1983 2356 1867 2093 2532 2541 2409 2158 2506 2483 2082 2027 1810 1863 
2107 2200 2223 2100 2033 2090 1882 2012 2224 2012 2259 1949 1811 2006 2152 2187 2302 2249 1862 2026 1800 1872 2022 2111 2160 1821 1995 1751 2006 2108 2027 2033 2209 2194 1972 2184 1660 1986 2107 1887 2006 2070 2036 2205 2094 2242 1810 1833 2088 2024 2107 2006 1978 2090 2193 2105 2265 2112 1925 2102 1875 2031 2269 2091 2141 2098 1828 2084 2277 1884 1890 1841 2106 2015 1880 2174 2082 2015 2126 2189 2078 2228 2284 2157 1786 2307 1934 2172 1710 2031 2345 2250 2164 2051 2227 2348 1897 1986 1800 1983 
2080 2150 1948 2050 2001 2013 1888 2034 2134 1919 2110 1755 1725 2041 2093 2096 2161 2249 1926 1931 1625 1840 2053 2081 2023 1946 1985 1676 1912 1736 1915 1852 2049 2269 1888 2131 1567 1887 1996 1825 1994 2069 1804 2192 1935 2069 1799 1873 2040 1822 2048 1823 1873 2055 2222 2017 2068 2047 1835 2072 1801 1922 2001 2109 2070 2105 1738 1971 2106 1629 1925 1970 2059 2040 1760 1986 1930 1853 2151 1983 2067 2120 2279 1939 1683 2096 1833 2086 1680 1778 2370 2109 2093 2014 2158 2292 1776 1873 1727 1741 
2025 2186 2145 2067 2180 1853 1880 2039 2098 1996 2194 1977 1673 1907 2212 2184 2220 2165 1808 1992 1735 1891 1975 2117 1970 1906 2069 1861 1970 1823 2028 1950 2202 2137 2166 2110 1609 1867 1836 1906 1956 2042 1891 2085 1894 2013 1737 1845 2060 1800 1969 1866 2014 2023 2128 2004 2272 1970 1847 2068 1876 2159 2151 1937 2157 2093 1754 2043 2165 1872 1883 1871 2048 2116 1910 2032 2000 2070 1953 1980 1937 2135 2204 2168 1835 2153 1848 2143 1653 2053 2363 2184 2118 2111 2306 2135 1838 2077 1591 1865 
1944 1917 2030 2053 1924 1827 1880 1831 2151 1807 2074 1687 1697 1901 1918 1925 2033 2026 1748 1954 1470 1693 1787 2027 2021 1643 1844 1779 1919 1802 1847 1984 2014 1949 1946 1936 1510 1695 1835 1751 1841 1915 1795 1852 1792 1978 1678 1743 1979 1834 1816 1812 1717 1970 1936 1920 2078 1867 1619 1822 1710 1981 1946 1902 1935 1907 1706 1923 2061 1743 1724 1737 1958 1894 1830 1889 1864 2067 1779 1931 1954 2126 1998 2031 1711 1970 1682 2062 1574 1823 2154 2114 2038 1954 2211 2108 1759 1746 1530 1712 
2111 2129 2295 2290 2291 1991 2174 1904 2397 2138 2224 1971 1835 2168 2138 2062 2198 2292 1997 2316 1781 2010 2100 2315 2152 1909 2068 1856 2206 1855 1931 2185 2247 2240 2079 2227 1722 2013 1908 1951 2221 2127 1920 2290 1994 2232 1972 1929 2161 2053 2023 2169 1928 2308 2137 2015 2165 2030 1895 2080 1996 2130 2005 2304 2190 2289 1824 1871 2269 2029 1957 2021 1981 2193 1963 2083 1969 2186 2089 2100 2075 2234 2261 2157 1794 2241 1942 2282 1833 1898 2585 2504 2196 2251 2265 2308 1939 1924 1871 1737 
2206 2194 2170 2054 2213 2099 2101 2073 2326 2173 2353 2035 1687 2067 2213 2057 2375 2032 2009 2149 1694 1928 2087 2173 2238 1963 2178 2002 2055 1831 2094 2147 2303 2243 2204 2175 1673 1922 1972 1920 1800 2092 1921 2162 2141 2097 1736 1761 2072 1941 1933 1952 1921 1995 2096 2127 2176 2158 1629 2165 1926 1993 2308 2150 2143 2277 2068 2162 2082 1932 1725 2051 2000 2153 1890 2125 1964 2160 2101 2198 2202 2211 2201 2319 1924 2245 1804 2230 1893 1972 2484 2370 2243 2148 2300 2174 1885 1898 1887 2062 
2027 2268 2129 2080 2127 2126 2103 1976 2217 2021 2130 1824 1682 1937 2124 2230 2117 2155 1984 2191 1695 1996 1941 2254 2059 1917 2059 1821 2012 1842 1857 2187 2343 2166 1928 2308 1650 1852 1790 1923 2094 2126 1942 2167 2151 2219 1841 2056 2109 2032 2079 2075 2047 2193 2166 2057 2125 2105 2038 2128 1821 1898 2041 2065 2074 2174 1867 1866 2238 2046 1956 2126 2086 2156 1936 1953 2022 2073 2265 2117 2094 2136 2321 1987 1849 2267 1762 2224 1776 1811 2348 2274 2279 2000 2202 2305 2045 2040 1809 1796 
2207 2358 2264 2296 2179 1978 2263 2125 2273 2073 2300 1906 1844 2139 2207 2388 2185 2193 1790 2229 1799 2085 2076 2253 2253 2043 2274 1849 2055 2008 1979 2097 2342 2338 2115 2264 1705 1927 1988 2124 2168 2193 1973 2152 2197 2277 1719 2047 2072 2276 2268 2234 2125 2227 2419 2290 2333 2262 1976 2101 1978 2028 2269 2249 2176 2155 1920 1922 2334 2135 2016 2021 2246 2302 2111 2020 2069 2181 2270 2327 2213 2383 2392 2018 1763 2455 1833 2373 1798 2056 2465 2449 2242 2237 2211 2471 2047 2081 1814 1930 
2098 1970 2057 1997 2052 1993 1840 1912 1936 1994 1948 1759 1559 1927 2089 2109 2146 2104 1739 1894 1722 1845 1855 1973 1985 1813 1933 1726 1975 1907 1937 2024 2076 2129 1932 2026 1597 1992 1923 1729 1823 2005 1893 1990 1927 2029 1780 1840 2046 1961 2072 1754 1903 1906 2083 2132 2041 1810 1853 2092 1792 1793 2118 1942 2057 1987 1802 1911 2175 1967 1933 1753 1880 1960 1962 1863 1700 2042 1902 1980 1961 2158 2026 1997 1678 2059 1595 2191 1566 1852 2099 2181 2135 2073 2090 2160 1755 1849 1508 1727 
2183 2258 2262 2245 2295 2138 1987 1973 2262 2077 2305 1964 1835 2177 2128 2345 2294 2405 2211 2061 1910 1928 2163 2031 2368 1995 2085 1840 2108 1885 2148 2117 2361 2344 2297 2093 1628 1982 1945 1966 1959 2132 2044 2067 2344 2143 1750 1840 2104 2082 2058 1991 2025 2016 2268 2131 2253 2117 1986 2142 2126 2279 2332 2164 2275 2180 1972 2035 2325 1974 1985 1862 2189 2164 1949 2104 1991 2148 2110 2094 2070 2307 2361 2338 1818 2316 1870 2190 1982 2134 2409 2377 2274 2202 2381 2359 1938 1971 1855 1996 
2249 2309 2355 2352 2339 2166 2102 2126 2387 2083 2459 1939 1787 2076 2288 2131 2252 2315 1913 2177 1982 2049 2240 2359 2342 1965 2075 1987 2212 2118 2250 2148 2175 2230 2091 2259 1845 2040 2090 2042 2220 2402 2182 2151 2216 2295 1913 1923 2312 2056 2218 2056 1999 2219 2323 2161 2371 2318 2119 2287 1943 2175 2330 2271 2250 2211 2055 2148 2462 2079 2084 2044 2215 2270 1891 2196 2074 2292 2164 2267 2160 2365 2316 2272 1889 2318 1687 2488 1760 2219 2437 2282 2415 2260 2320 2504 2058 2142 1986 1893 
1902 2107 1957 2000 2044 1944 1909 1675 2216 1879 2158 1719 1724 1784 2046 1972 2023 1910 2010 1931 1856 1865 1880 1934 2004 1588 1866 1539 1979 1767 1796 1936 2080 2067 1929 2047 1669 1805 1750 1796 1832 2063 1638 2109 1947 2143 1643 1723 1811 1813 1982 2005 1705 1955 2164 1937 1956 1994 1767 1917 1914 1923 1968 1999 1790 1998 1673 1767 2025 1933 1888 1893 2041 1881 1755 1997 1859 1919 1838 2007 2019 2045 2116 1996 1697 2084 1821 2075 1580 1914 2334 2190 2107 2046 2099 2024 1965 1794 1633 1821 
2309 2212 2274 1997 2082 2136 2067 1938 2355 2165 2204 1906 1690 2068 2232 2291 2175 2213 1930 2197 1898 1904 1930 2217 2156 1962 2038 1817 2111 2040 2048 2165 2201 2277 2275 2212 1874 1951 2022 2070 1985 2051 1835 2263 2021 2339 1723 2056 2074 2009 1997 2073 1977 2082 2227 2204 2133 2129 1751 2189 1947 2002 2125 2162 2061 2293 1953 2126 2299 2075 2174 2002 2251 2208 2031 1981 2049 2008 2100 2245 2180 2180 2366 2163 1879 2277 1837 2046 1904 1974 2483 2552 2268 2130 2325 2305 1899 1807 1755 1752 
2447 2237 2304 2228 2312 2302 2090 2101 2520 2029 2404 2169 1828 2290 2422 2333 2436 2442 2105 2179 1916 2114 2281 2368 2135 2067 2169 2026 2230 2091 2078 2164 2327 2258 2124 2346 1672 2185 1957 2037 2040 2295 2143 2153 2109 2168 1719 1925 2027 2225 2170 1996 2100 2115 2218 2292 2438 2254 1937 2291 2040 2233 2298 2374 2299 2304 2084 2056 2431 2025 2154 2145 2186 2402 2151 2055 2106 2203 2317 2276 2199 2313 2444 2206 1963 2480 1829 2351 1959 2160 2437 2473 2412 2295 2358 2523 1995 2012 1943 2009 
2383 2409 2430 2490 2346 2219 2282 2241 2643 2150 2487 2121 2006 2369 2270 2297 2505 2508 2183 2322 1919 2141 2401 2456 2586 2080 2341 2090 2308 2101 2236 2337 2427 2497 2208 2456 1839 2167 2231 2066 2379 2503 2215 2401 2397 2474 1965 2144 2386 2385 2370 2241 2148 2431 2518 2244 2415 2418 2118 2340 2075 2286 2415 2555 2442 2338 2115 2307 2458 2082 2061 2052 2234 2445 1983 2358 2265 2257 2480 2445 2454 2531 2425 2485 1961 2496 2230 2479 1946 2265 2813 2487 2645 2464 2381 2596 2186 2091 2142 2085 
1907 1997 2006 2007 2095 1821 1752 1768 1952 1939 1994 1629 1579 1766 1971 2070 2045 2080 1688 1917 1677 1762 2038 1876 1891 1769 1793 1673 1844 1824 1804 1851 1906 2076 1728 1844 1541 1828 1883 1757 1758 1879 1821 1843 1790 1845 1779 1667 1940 1769 2017 1807 1746 1792 2007 1880 1979 1792 1688 2002 1754 1878 2036 1855 2120 1956 1762 1880 1990 1809 1868 1628 1811 1950 1742 1779 1812 1825 1801 1803 2000 1932 1988 2020 1377 2091 1651 2082 1508 1842 2070 2138 2058 1947 1894 2004 1668 1778 1468 1687 
2067 2280 2374 2206 2252 1982 2162 2031 2333 2205 2355 2027 1825 2088 2299 2315 2329 2432 1992 2254 1805 2064 2110 2165 2132 2056 2159 1913 2157 2019 2036 2233 2289 2361 2110 2322 1668 2011 1983 2053 2040 2280 2105 2338 2196 2245 1997 1916 2122 2021 2248 2127 1955 2163 2438 2277 2355 2082 1947 2296 2045 2079 2288 2229 2340 2190 1868 2060 2367 2121 2087 2159 2173 2337 1975 2130 2047 2298 2342 2152 2137 2246 2414 2141 1822 2452 1804 2318 1960 1986 2435 2385 2376 2279 2288 2446 2078 2161 1817 2147 
1939 1878 2251 1845 1993 2008 2044 1905 2109 1797 2011 1850 1791 2005 1979 2167 2162 1937 1976 2028 1694 1957 2020 2153 2025 1742 1882 1616 1966 1897 1868 2114 2291 2088 2046 2099 1442 1706 1793 1758 1997 1950 1976 2002 1966 2016 1607 1826 2107 1854 1857 1991 1899 1999 1955 1932 2213 2074 1706 2017 1735 1982 1946 2053 2066 2071 1852 1898 2113 1850 1724 1890 2055 1929 1783 1996 1915 2035 2046 1951 2114 2168 2159 1914 1666 2174 1831 2172 1896 2013 2334 2261 2226 1872 2065 2082 1947 1856 1736 1936 
2046 2019 2223 2138 2038 1963 1955 1861 2018 1861 1996 1718 1645 2012 1967 2177 1904 2167 1933 1921 1772 1883 1908 2106 2185 1602 1828 1814 1932 1910 1833 2038 1973 2029 1853 1997 1593 1675 1901 1858 1892 2077 1875 2190 1966 1961 1754 1896 1979 1902 1860 1922 1749 2187 2164 2108 2126 1919 2006 2006 1735 1955 2046 1981 2087 2033 1820 1860 2179 1973 1944 2005 2062 2008 1882 2050 1927 1892 2104 2184 1942 1999 2248 1889 1689 2212 1804 2274 1810 1851 2351 2217 2231 1818 2084 2267 1775 1859 1852 1712 
2052 1959 2139 2035 2011 1711 1886 1945 2209 1976 2021 1642 1649 1911 1913 1931 2056 2056 1739 1985 1692 1844 1939 2077 2082 1801 2060 1816 1744 1873 1860 2149 2028 2161 1907 2097 1525 1918 1834 1772 1763 1970 1776 2013 2016 1980 1779 1640 1974 1858 2044 1901 1762 1850 2049 1996 2024 1905 1640 1953 1767 1887 2057 1857 2078 2022 1859 2127 2013 1882 1735 1687 2086 2020 1843 2002 1883 2029 1953 2027 2043 2188 2004 1947 1713 2138 1775 2091 1692 1851 2338 2211 2041 1999 2105 2066 1862 1802 1595 1707 
2079 2332 2490 2143 2431 2091 2095 2223 2333 2410 2390 1993 1782 2310 2320 2300 2486 2507 1977 2278 1967 2243 2139 2318 2400 1967 2169 2064 2224 2029 2097 2302 2388 2404 2369 2311 1820 1941 2111 2095 2201 2249 2114 2385 2312 2385 2017 1918 2381 2256 2175 2142 2127 2081 2429 2298 2270 2315 1776 2297 2075 2274 2444 2203 2356 2361 2016 2195 2292 2135 2025 2155 2212 2257 2092 2172 2163 2275 2315 2233 2221 2483 2586 2388 1792 2404 1938 2383 2090 2138 2355 2626 2345 2318 2381 2392 2231 2270 1950 2089 
2224 1922 2162 2074 1973 2023 1880 1991 2160 1968 2041 1735 1562 2071 2011 2052 2181 2161 1755 2064 1848 1892 2079 1987 2314 1849 1996 1706 1913 1849 1950 2009 1941 2164 2110 2098 1554 1887 2001 1974 1935 2028 1793 2007 2034 1945 1687 1745 2034 1947 1965 1830 1906 1891 2003 1874 2022 1956 1745 1940 1986 2029 2203 2163 2051 2275 1899 1896 2184 1936 1804 1800 1945 2008 1744 1938 1774 1946 2085 1925 1934 2019 2181 2147 1754 2085 1809 2180 1698 1830 2217 2213 2070 2063 2187 2087 1863 1879 1727 1838 
1890 2025 2062 1961 2048 1721 1809 1842 1933 1964 1971 1684 1527 1924 1951 1873 2004 2071 1639 1949 1779 1917 2003 1966 2095 1803 1824 1761 1946 1707 1625 1958 1995 2150 2124 1847 1655 1794 1888 1891 1759 1901 1736 2123 1782 2021 1638 1772 1942 1890 2120 1900 1804 1934 2113 1937 2148 1798 1655 1839 1853 1841 1958 1949 1971 2117 1730 1912 2075 1753 1891 1810 1917 1980 1745 1922 1791 1937 1919 1989 2088 1896 2071 1952 1660 2222 1794 2084 1539 1947 2098 2148 2084 1923 1886 2023 1789 1793 1684 1637 
2003 2237 2260 2108 2169 1835 1987 2012 2319 1951 2148 2094 1797 2067 2156 2324 2150 2401 2028 2213 1828 1947 2072 2221 2222 1890 2130 1730 1911 1970 1987 2181 2093 2446 2048 2234 1643 1999 1940 1856 2072 1996 2074 2316 2020 2055 1878 1710 2161 1952 2066 1930 2085 2033 2327 2166 2316 2016 1902 2162 1847 2175 2063 2087 2174 2187 1933 2068 2195 1915 2009 1899 2198 2081 1952 2097 1867 2012 2141 2121 2054 2269 2437 2077 1691 2318 1779 2158 1832 1903 2369 2446 2087 2152 2199 2265 2063 2162 1922 2039 
2141 2211 2180 2094 1992 1907 2026 1882 2363 2022 2250 1952 1625 1923 2075 2210 2325 2064 1965 2054 1685 1863 2015 2023 2225 1849 1989 1836 1983 1855 2070 2141 2140 2157 2129 1998 1579 1790 1995 1864 1907 2146 1879 2060 2119 2254 1688 1930 2003 1954 1957 1972 1888 1905 2278 2148 2110 2141 1750 2160 1884 1946 2046 2075 2081 2128 2000 1971 2240 1857 1975 1713 2073 2058 1893 2034 1909 1960 2077 2084 1963 2166 2098 1982 1761 2211 1687 2093 1687 2072 2189 2301 2174 1970 2278 2185 1877 1862 1739 1818 
2042 2196 1937 1950 1929 1790 1879 1871 1899 2006 2102 1752 1656 1933 2017 2073 2075 1972 1912 1855 1672 1710 1951 1982 2028 1770 1906 1685 1812 1793 1776 1950 2130 2076 2012 2052 1539 1786 1745 1768 1794 1950 1749 1959 1883 2088 1582 1968 1875 1836 1993 1979 1727 2054 2149 2119 2145 1977 1749 1967 1762 1893 2049 2002 1814 2056 1651 1956 2084 1747 1803 1768 2077 1945 1758 2005 1828 2005 1986 2097 1982 2065 2191 1967 1648 2053 1637 2047 1659 2019 2295 2082 2070 1897 2088 2279 1771 1775 1558 1851 
1846 1952 2026 2087 2002 1751 1806 1840 2227 2012 2028 1745 1499 1928 1886 1974 1938 2151 1805 2115 1682 1840 1825 2156 2026 1734 1949 1894 2002 1867 1709 1923 1874 2089 1710 2284 1578 1761 1741 1835 2009 2071 1864 2003 1886 2000 1695 1803 1837 1888 1943 1778 1746 1802 2172 1902 1975 1909 1654 1929 1820 1884 2066 2095 2137 1971 1805 1852 2102 1672 1597 1831 1914 2139 1642 1971 1752 1967 2092 1925 1875 2081 2015 1861 1651 2087 1545 2269 1606 1681 2247 2035 2024 1944 1982 2178 1888 1807 1683 1879 
2103 2261 2258 2217 2277 2175 2035 1918 2247 2181 2241 1909 1762 2094 2238 2283 2220 2316 2003 2254 1803 2085 2036 2255 2359 2012 1965 1950 2160 1889 1998 2165 2372 2283 2109 2283 1664 2014 1966 1909 2053 2097 2124 2260 2187 2119 1883 1869 2110 1981 1986 1885 1979 2200 2272 2101 2429 2076 2024 2129 1984 2126 2104 2145 2319 2169 1990 1990 2273 1974 1899 2060 2129 2124 1917 2176 1924 2208 2215 2233 2037 2226 2260 2088 1912 2346 1869 2304 1795 1979 2523 2450 2167 2131 2404 2449 2038 1943 1706 1927 
1756 1830 1804 1670 1776 1575 1664 1664 2049 1758 1768 1469 1391 1614 1720 1767 1888 1885 1584 1766 1505 1675 1798 1800 1835 1512 1690 1490 1537 1663 1641 1788 1771 1953 1703 1864 1433 1497 1521 1608 1781 1851 1542 1714 1802 1733 1405 1545 1796 1701 1583 1774 1670 1693 1777 1711 1677 1774 1562 1685 1669 1713 1932 1790 1733 1799 1455 1740 1760 1598 1616 1636 1834 1972 1562 1541 1658 1704 1672 1663 1789 1856 2005 1753 1368 1885 1599 1739 1555 1604 2028 1949 1879 1723 1737 1868 1786 1776 1430 1601 
2127 2266 2103 2291 2202 2022 2118 2022 2164 1906 2320 1960 1829 2227 2176 2033 2217 2406 1849 2139 1825 1990 2164 2177 2326 2155 1963 1798 2337 1927 1824 2097 2173 2246 2218 2169 1658 1974 2046 1866 2021 2082 2182 2175 2111 2230 1851 1796 2031 2058 2152 2076 1983 2095 2281 2131 2285 2166 1909 2160 1958 2001 2146 2188 2165 2190 2013 1909 2231 1874 1927 1923 2030 2023 1829 1967 1893 2055 2092 2149 2177 2176 2275 2333 1715 2319 1839 2298 1841 2148 2258 2464 2345 2177 2235 2302 2037 2057 1955 1796 
2250 2182 2245 1936 2033 1970 2225 2047 2244 2158 2142 1944 1774 2032 2102 2203 2160 2181 2125 2153 1887 2058 2124 2212 2147 1904 2026 1804 1993 2009 1900 2029 2105 2223 1990 2033 1695 1861 1998 2034 1930 2076 1992 2211 2039 2132 1934 2078 2080 2026 2195 2110 2070 2069 2246 2308 2292 2054 1946 2051 2017 2045 2163 2126 2087 2191 1934 2067 2189 2023 2037 1968 2273 2214 1974 2074 2151 2037 2144 2147 2270 2116 2298 2038 1821 2428 1739 2170 1918 2072 2427 2391 2180 2076 2213 2345 2062 1924 1920 1867 
2158 2131 2244 2200 2147 2055 2168 2112 2346 1992 2350 1917 1818 2136 2211 2039 2278 2354 2043 2306 1674 2038 2062 2422 2257 1962 2275 1918 2145 1873 1984 2168 2330 2202 2230 2333 1713 1858 1939 1926 2101 2276 1915 2228 2110 2129 1850 1901 2230 2035 1963 2179 2023 2141 2135 2011 2180 2031 1774 2163 2067 2072 2248 2278 2227 2311 2006 1950 2186 1999 1894 1996 2100 2281 2036 2022 2117 2091 2114 1997 2106 2196 2375 2202 1830 2287 1958 2307 1961 2120 2746 2516 2287 2209 2213 2166 2136 2070 1870 2025 
1992 1894 1911 1999 1829 1642 1856 1775 1948 1835 1942 1711 1522 1774 1787 1946 1898 1906 1658 1846 1601 1723 1840 1910 2060 1631 1830 1593 1752 1476 1825 1951 1709 2129 1917 1930 1541 1872 1949 1738 1850 2040 1714 1876 1891 1863 1745 1612 1783 1727 1936 1613 1778 1751 1997 1868 1720 1708 1778 1762 1866 1922 1896 1975 1790 1869 1641 1620 2096 1693 1757 1778 1832 1833 1655 1808 1695 1890 1873 1776 1775 1682 1864 1787 1709 1866 1627 2056 1680 1687 2077 1879 1860 1850 2049 2014 1677 1698 1649 1689 
2190 1924 2126 2005 2072 1925 2024 1982 2297 1998 2085 1740 1664 1813 1796 2090 2186 2149 1840 1961 1627 1775 1893 2041 1999 1752 1911 1819 1843 1859 2093 2104 2067 1906 1989 1931 1690 1938 1788 1662 1827 2135 2010 2029 2062 1969 1777 1752 1977 1883 2019 1900 1848 1911 2023 2025 2144 1935 1875 2114 1885 1938 2085 2044 2102 2058 1847 1981 2174 1775 1829 1723 2041 2103 1949 1929 1872 2029 1847 1974 1999 2223 2135 1966 1710 2215 1673 2119 1764 1984 2155 2092 2224 1902 2030 2133 2006 1822 1679 1692 
2106 2156 2131 2210 1986 2026 2102 1973 2324 2002 2217 1830 1795 1980 2119 2120 2180 2070 1996 2075 1677 1801 2150 2251 2330 1954 2049 1915 2006 1872 1989 2018 2230 2300 2089 2275 1679 1916 1921 1816 1889 2281 1980 2174 2036 2166 1690 1953 2083 2020 2062 2011 2050 2024 2272 2025 2248 2105 2013 2008 1915 1933 2200 2127 2015 2101 1773 2020 2279 1993 1914 2210 2029 2160 1944 1989 2029 2141 2079 2150 2144 2244 2227 2006 1806 2122 1851 2162 1881 2110 2354 2288 2412 2096 2218 2311 2000 1834 1805 1910 
2023 2008 2120 2009 2055 1915 1904 1998 2123 2023 1993 1614 1593 1938 1914 2196 2093 2111 1863 1914 1827 1966 1867 1956 2172 1784 1931 1805 1887 1793 1792 2076 2095 2279 1984 1855 1656 1784 1882 1912 1861 2011 1758 2177 1960 2110 1732 1796 2039 1933 2161 1947 1928 1966 2088 2097 2117 1849 1810 1881 1699 1863 1848 1964 1998 2048 1696 1973 2272 1826 1919 1919 2059 2030 1846 2016 1767 2015 2003 2037 1969 2097 2119 1946 1676 2125 1633 2134 1721 1871 2208 2114 1979 2047 2086 2203 1924 1848 1620 1718 
1867 1959 2017 1884 1882 1928 1716 1484 2004 1772 1994 1497 1573 1995 1844 1974 1973 2124 1680 1909 1716 1748 1802 1832 2107 1761 1863 1554 2085 1753 1714 1862 1826 2119 1858 1908 1514 1858 2039 1821 1704 1832 1725 1933 1892 1977 1544 1530 1898 1831 1848 1817 1685 1807 2091 1975 1930 1911 1508 1858 1752 1876 2049 1895 1951 1843 1724 1734 2089 1759 1785 1678 1848 1758 1692 1892 1691 1975 1949 1919 1847 1920 2065 1838 1651 1989 1583 2100 1627 1787 1976 1945 1995 1972 1887 2021 1780 1673 1541 1847 
2343 2337 2596 2276 2315 2293 2334 2116 2545 2137 2351 2011 2019 2207 2240 2334 2396 2382 2089 2490 1887 2242 2196 2369 2345 2008 2232 1933 2208 2079 2160 2367 2561 2442 2181 2393 1811 1968 2179 2140 2232 2324 2141 2251 2213 2366 1907 1930 2091 2174 2224 2324 2143 2245 2222 2236 2475 2196 2095 2275 2120 2171 2289 2372 2432 2273 2133 2069 2460 2093 1998 2152 2339 2286 2023 2345 2136 2163 2369 2297 2397 2322 2466 2290 1903 2589 2166 2387 1933 2177 2558 2522 2558 2274 2315 2413 2129 2085 1953 2028 
1848 1944 1948 1838 1774 1753 1795 1751 1995 1972 1956 1911 1476 1966 1913 2065 1943 2102 1698 1953 1520 1685 1867 1808 1983 1665 1718 1605 1907 1815 1892 1971 1954 1956 1974 1928 1439 1748 1865 1638 1764 1853 1730 1984 1916 1900 1681 1678 1839 1777 1769 1790 1767 1842 2109 2118 1989 1979 1801 1827 1772 1834 1955 1850 1845 1958 1799 1813 1961 1698 1749 1656 2068 1819 1668 1875 1741 1736 1924 2030 1910 2013 1946 2015 1628 2025 1700 2007 1582 1834 2132 1919 2077 1866 2157 2004 1764 1752 1750 1676 
1969 1972 2079 2120 2056 2003 1958 1928 2156 1821 2245 1910 1666 1959 2057 1932 2313 2144 1866 2093 1612 1805 2017 2102 2030 1849 1874 1743 2049 1693 2071 2074 2084 2026 2111 2008 1672 2059 1926 1716 1846 2017 1958 2090 1867 2100 1724 1574 1997 1768 2021 1789 1817 1885 2096 1966 2017 1914 1766 2130 1941 2045 2040 2051 2043 2067 1963 1991 2276 1843 2069 1697 1866 1854 1928 1892 1784 1940 1887 1981 1967 2187 2186 2091 1707 2184 1621 2150 1658 1979 2143 2300 2066 1991 2202 1966 1869 1801 1759 1812 
2310 2127 2143 1897 2054 1876 1890 2024 2198 2015 2082 1789 1717 1986 2045 2047 2120 2064 1854 2053 1937 1953 2080 2191 2128 1824 1776 1872 2007 1937 1876 1906 1972 2048 2049 2024 1649 1840 1824 1821 1932 2084 1885 2087 2030 2013 1576 1870 1931 1894 1993 1918 2032 1959 2099 2114 2188 1876 1718 1935 2020 2025 2084 2050 1956 2094 1780 1991 2142 1933 1910 1927 2003 2130 1833 1963 1921 1867 2005 2011 1977 1975 2256 2136 1794 2054 1768 2218 1625 1970 2380 2171 2229 2096 2028 2239 1863 1862 1733 1735 
1990 2073 2312 2133 2105 2007 1917 1865 2222 1932 2133 1829 1732 2229 2096 2259 2171 2286 1929 2079 1776 1878 2064 2191 2296 2016 2109 1900 2015 1953 1943 2011 2235 2200 2079 2030 1584 1989 1920 2007 1938 2096 1969 2139 2075 2123 1715 1864 2270 1964 2054 1948 2062 2025 2172 2122 2163 2034 1990 1954 1826 2146 2022 1974 2120 2123 1802 1994 2284 1894 1840 1816 2050 2034 1900 2165 2017 2140 2151 2111 1994 2240 2184 1976 1717 2355 1813 2219 1709 1871 2278 2278 2078 2187 2247 2247 2054 2069 1687 1976 
2295 2258 2431 2132 2248 2312 2186 2061 2588 2249 2445 1964 1902 2074 2326 2326 2289 2374 2079 2377 2066 2112 2211 2251 2287 2050 2196 1907 2303 2132 2066 2154 2249 2421 2110 2328 1784 2045 2037 2126 2038 2257 2099 2234 2144 2364 1764 1938 2067 2162 2270 2287 2069 2128 2341 2269 2351 2217 1887 2144 2088 2152 2443 2277 2332 2333 2135 2138 2405 2050 2010 2071 2230 2301 1995 2173 2070 2361 2224 2278 2304 2262 2468 2214 1888 2550 1912 2336 1792 2313 2504 2557 2421 2215 2272 2416 2253 2048 1817 2130 
2022 2075 2282 2041 2167 1993 1955 1937 2047 1983 2231 1728 1767 1847 2100 1859 2139 2056 1777 1958 1787 1893 1937 2157 2054 1691 1949 1827 2008 1755 1948 1967 2164 1996 2058 2013 1663 1781 1828 2014 1910 2129 1865 1885 1923 2037 1658 1658 1885 1811 1978 1948 1856 1989 2177 1899 1922 1871 1701 1899 1761 1962 2113 2046 2025 2040 1936 1905 2130 1879 1790 1828 1973 2042 1823 1936 1957 2011 2050 1964 1890 2103 2232 2063 1715 2196 1701 2062 1744 1990 2278 2357 2084 1941 2122 2069 1796 1957 1680 1627 
2360 2350 2152 2095 2143 2044 2114 2023 2247 2073 2157 1959 1748 2145 2342 2218 2308 2135 2068 2126 1839 1953 2222 2220 2160 1954 2170 1810 2048 1990 1981 2000 2258 2205 2235 2310 1790 1840 1876 1891 1902 2232 1942 2298 1985 2197 1687 2087 2073 2137 2060 1952 2054 2236 2195 2179 2252 2181 1910 2125 2111 2048 2229 2219 2065 2252 1869 2121 2351 2068 2105 2029 2184 2248 2020 1926 2015 2122 2166 2252 2170 2174 2395 2121 1779 2280 1897 2160 1758 2097 2509 2394 2462 2174 2327 2354 1968 1920 1830 1877 
2507 2371 2346 2370 2132 1906 2206 2255 2341 2178 2377 2035 2011 2277 2201 2153 2308 2362 2060 2237 1903 1968 2210 2325 2398 2053 2346 1984 2038 2089 2133 2216 2433 2316 2256 2280 1832 1950 1985 2158 2144 2343 2102 2230 2226 2212 1833 2097 2226 2351 2084 2345 2145 2305 2230 2366 2224 2267 2108 2209 2057 2305 2359 2305 2297 2466 2123 2025 2294 2205 2121 2031 2404 2407 2164 2222 2203 2177 2329 2405 2192 2306 2444 2107 1854 2318 2027 2266 1929 2131 2608 2415 2237 2242 2319 2601 2236 2280 1908 2030 
2267 2379 2336 2400 2308 2084 2118 2264 2397 2191 2329 1986 1896 2093 2220 2446 2236 2435 2022 2292 1887 2174 2110 2375 2335 1991 2175 1985 2108 2119 2090 2032 2293 2363 2149 2382 1775 2042 1952 1930 2240 2185 2119 2264 2033 2173 1809 2212 2317 2068 2239 2176 2276 2238 2344 2131 2526 2086 1992 2212 2055 2165 2285 2374 2229 2207 1961 2151 2366 1943 1914 2142 2323 2159 2064 2246 2079 2144 2149 2147 2304 2445 2438 2341 2047 2394 1862 2405 1800 2084 2588 2444 2268 2203 2510 2469 2012 2142 1891 2085 
2491 2263 2355 2337 2202 2238 2271 2232 2607 2315 2434 1958 2074 2238 2316 2333 2314 2404 2021 2375 2138 2081 2443 2386 2280 2110 2331 2037 2279 2122 2275 2287 2340 2748 2370 2508 1819 2119 2114 2116 2319 2275 2230 2345 2148 2254 1865 2076 2205 2156 2408 2223 2301 2304 2367 2171 2362 2305 1936 2267 2138 2137 2315 2386 2425 2552 2112 2178 2439 2118 2029 2253 2479 2418 2144 2261 2160 2217 2445 2149 2193 2348 2449 2292 1933 2492 1986 2458 1988 2340 2880 2593 2467 2302 2484 2461 2265 2146 1954 2154 
2136 2132 2285 2208 2249 2096 2192 2097 2240 2152 2146 1930 1813 2127 2216 2349 2311 2271 2128 2223 1812 1994 2060 2258 2350 2087 2107 1814 2088 1768 1941 2114 2306 2221 2192 2219 1730 1959 1943 2105 2046 2275 1890 2044 2222 2175 1819 1913 2100 2043 2073 2052 2113 2155 2189 2161 2331 2030 1936 2208 2036 2152 2129 2249 2260 2174 2037 2028 2313 1831 1992 1863 2072 2273 2024 2105 2030 2207 2138 2159 2184 2294 2340 2143 1858 2292 1843 2237 1677 2007 2387 2271 2301 2200 2244 2362 1930 1954 1749 1887 
2038 2013 2123 2113 1972 1941 1892 1794 2040 1988 2111 1830 1601 1960 1923 2084 1999 2012 1674 2047 1646 1806 2009 2075 2014 1905 1853 1741 2095 1747 1681 1858 1972 1983 1965 2124 1514 1949 1839 1834 1855 1951 1961 2015 1957 2118 1680 1703 1853 1884 1981 2015 1947 2003 2041 1995 2080 1916 1714 1953 1778 1923 2050 1949 1941 2009 1881 1836 2189 1854 2019 1842 1933 2106 1829 1933 1951 1955 2069 2136 1950 1970 2136 2011 1653 2106 1606 2147 1628 1921 2208 2038 2219 2127 2065 2257 1703 1732 1800 1703 
1991 2075 1955 2008 1826 2040 1972 1737 2051 1771 1979 1708 1635 2051 1893 2025 1970 1953 1795 1845 1679 1633 1864 2017 2029 1828 1855 1623 1958 1709 1807 1766 2034 2058 2006 1979 1594 1754 1728 1768 1723 1914 1836 1884 1875 2019 1478 1735 1895 1801 1865 1810 1940 1945 1942 1981 2050 1935 1909 1857 1835 1828 1908 1904 1781 1914 1688 1745 2195 1665 1808 1898 1941 1849 1812 1910 1814 1828 1943 1927 1894 1930 2130 1888 1753 2226 1600 1972 1634 1930 2146 2133 2040 1924 2153 2054 1834 1704 1623 1706 
2079 2231 2213 2002 2195 1895 1933 1871 2156 1995 2165 1795 1790 2059 2219 2256 2111 2368 1812 2171 1773 1956 1975 2242 2047 1807 2079 1826 1978 1870 2016 2087 2181 2214 2061 2199 1732 1897 1954 1896 2008 2061 2048 2366 1999 2171 1889 1814 2107 1934 2022 1914 1989 2046 2184 2103 2241 2057 1879 2136 2037 2143 2275 1961 2235 2105 1897 1898 2221 2013 1948 1974 2201 2110 2013 2087 1968 2129 2067 2264 2070 2142 2214 2073 1725 2251 1917 2234 1777 1976 2292 2295 2287 2137 2260 2294 1997 2017 1808 1942 
2024 2062 2084 1979 1936 2002 1960 1977 2202 1866 2055 1807 1863 1969 1965 2053 2037 2145 1858 1990 1686 1805 1839 2069 1971 1901 1981 1793 2009 1872 1972 2019 2110 2201 1926 2098 1686 1736 1954 1911 1927 1831 1824 1894 1963 1939 1676 1812 1956 1999 2013 1963 1972 2027 2045 1983 1952 1926 1798 1963 1844 1940 2000 1983 2080 2011 1717 1906 2105 1886 1710 1799 1959 1997 1861 1880 1892 1974 2095 1926 1974 1992 2247 1972 1729 2138 1748 1978 1712 1809 2275 2322 1989 1947 2132 2233 1975 2002 1697 1825 
1802 1758 1892 1634 1774 1703 1707 1598 1906 1584 1894 1625 1565 1686 1851 1980 1950 1852 1669 1720 1462 1716 1786 1903 1825 1520 1718 1441 1539 1587 1571 1708 1988 1853 1771 1927 1353 1507 1580 1585 1736 1771 1669 1843 1819 1784 1426 1593 1626 1837 1803 1708 1668 1620 1742 1696 1831 1728 1640 1696 1713 1655 1949 1917 1736 1856 1508 1725 1838 1794 1552 1828 1705 1711 1643 1697 1774 1745 1808 1672 1799 1847 1983 1854 1452 1785 1661 1983 1677 1683 1994 1948 1792 1923 1873 1749 1742 1720 1653 1588 
2386 2380 2445 2186 2245 2127 2123 2036 2508 2326 2492 2010 1924 2016 2285 2406 2318 2288 2263 2288 2021 1975 2288 2357 2486 1987 2146 2035 2211 1942 2314 2299 2365 2478 2235 2308 1874 2123 2135 2039 2079 2313 2050 2319 2246 2182 1984 2016 2248 2188 2073 2087 2132 2257 2495 2370 2382 2130 2017 2242 2151 2221 2341 2302 2364 2269 2040 2275 2444 2162 2042 1961 2314 2275 2063 2358 2243 2259 2279 2218 2190 2305 2498 2304 1990 2420 1998 2337 1988 2270 2744 2631 2487 2262 2384 2486 2171 2096 1797 2120 
2198 2446 2469 2143 2242 2183 2175 2103 2417 2266 2226 1915 1872 2055 2191 2299 2236 2362 2021 2088 1904 2158 2035 2295 2216 1931 2133 1820 2123 1995 2226 2131 2363 2252 2137 2395 1770 1957 2068 2024 2153 2348 1859 2320 2337 2384 1977 2052 2171 2133 2053 2115 2058 2302 2367 2389 2330 2236 2143 2316 2090 2164 2214 2161 2305 2167 1820 2169 2424 2047 2002 2105 2390 2236 2034 2318 2222 2090 2238 2367 2115 2292 2365 2122 1972 2372 2018 2311 1935 2120 2537 2365 2366 2255 2338 2410 2059 2130 1824 1842 
2441 2344 2403 2403 2407 2348 2131 2064 2394 2152 2455 2026 1867 2246 2391 2387 2459 2212 2198 2225 1924 2096 2311 2536 2499 2166 2235 2038 2243 2069 1988 2180 2409 2340 2316 2437 1829 2119 2154 2226 2003 2448 2359 2442 2207 2324 1997 1999 2134 2078 2241 2263 1993 2347 2489 2339 2307 2233 2143 2215 2060 2189 2416 2354 2244 2452 2100 2236 2479 2277 2199 2358 2189 2359 2227 2163 2283 2334 2282 2597 2324 2328 2500 2195 1892 2451 2020 2455 1955 2256 2629 2525 2425 2222 2391 2528 2083 2102 2008 2074 
2003 1797 2038 1777 1877 1761 1828 1749 2003 1888 1717 1822 1652 1809 1989 1856 1879 1940 1795 1856 1876 1720 1866 1748 1794 1649 1620 1684 1897 1823 1708 1920 1879 2033 1824 1830 1535 1692 1707 1695 1666 1873 1667 1880 1834 1816 1582 1611 1688 1808 1906 1871 1716 1842 1905 1915 2022 1759 1614 1798 1772 1636 1833 1927 1899 1935 1737 1797 2111 1861 1780 1739 1758 1907 1670 1704 1735 1836 1941 1858 1839 1868 2053 1694 1646 2017 1585 1923 1643 1825 2196 2167 2089 1700 1937 2028 1642 1695 1661 1581 
1864 2211 2132 2016 2198 2061 1945 1823 2099 2004 2218 1923 1702 2123 2093 2153 2203 2082 1837 2161 1603 2012 1884 2102 2061 1900 2087 1892 2062 1822 1913 2176 2217 2167 2035 2166 1527 1841 2064 1880 1954 1960 1904 2078 2121 2210 1762 1736 2070 1772 1949 2030 1937 2005 2103 2024 2139 1971 1852 2118 2014 1993 2082 2139 2098 2140 1843 2000 2310 1772 1851 2057 1960 1988 2077 2012 1722 2043 2154 2033 2057 2082 2192 1949 1774 2235 1681 2225 1678 1881 2183 2162 2263 1986 2160 2232 1835 1982 1865 1811 
2246 2137 2347 2183 2106 2152 2072 2089 2358 2099 2217 1957 1770 2064 2181 2319 2284 2351 2020 2243 1773 2028 2189 2297 2312 1977 2122 1923 2255 1892 2010 2145 2236 2332 2321 2250 1720 2046 2006 2100 2149 2206 1966 2191 1955 2205 1691 2051 2217 2068 2112 2053 2082 2308 2407 2042 2164 2082 1824 2170 2170 2159 2256 2311 2324 2221 1834 2101 2318 1919 2078 1967 2086 2206 2042 1910 2056 2374 2160 2101 2115 2290 2516 2217 1882 2258 1928 2352 1938 2043 2417 2416 2363 2052 2377 2400 2152 1960 1812 1986 
2075 2120 2235 1977 2037 1887 1897 2021 2108 2031 2145 1834 1640 1748 2112 1996 1940 2039 1807 2103 1768 2092 1943 2124 2092 1789 1933 1832 1821 1780 2007 1906 2101 2069 1992 2055 1495 1736 1874 1846 1990 2027 1827 2105 2015 1983 1632 1878 1961 1765 2005 1912 2051 2003 2188 2007 2130 2010 1761 2103 1854 2069 2063 1973 2031 2036 1662 1950 1986 1924 1732 1961 1967 2099 1701 1886 1963 1964 2192 1895 1979 1885 2160 1948 1818 2113 1668 2111 1704 1799 2165 2204 2125 1949 2099 2194 1789 2063 1719 1799 
2252 2250 2335 2135 2329 2131 1992 1959 2319 2133 2275 1941 1811 2112 2348 2057 2329 2206 2074 2429 1892 2109 2101 2189 2281 1924 2035 1835 2147 1948 1984 2255 2232 2253 2043 2201 1774 1854 2144 1847 2088 2219 1929 2260 2157 2324 1789 1849 2159 2030 1982 2109 1939 2354 2305 2127 2209 2220 1792 2228 2175 2171 2319 2380 2315 2197 1824 2150 2342 2023 1988 1921 2143 2037 1797 2197 2112 2088 2303 2159 2285 2204 2498 2143 1771 2354 1950 2213 1661 2097 2483 2585 2348 2099 2238 2437 1964 1947 1842 1893 
1914 1860 2078 2114 1816 1855 2026 1923 2139 1951 1887 1716 1567 1850 2000 1907 2151 2105 1830 1956 1597 1673 1901 2172 2108 1620 1755 1775 1880 1872 1768 1921 2002 2063 1802 2136 1524 1834 1729 1806 2028 2070 1830 1943 1920 2080 1813 1745 1889 1943 1938 1966 1717 2146 1971 1859 2089 1905 1856 1986 1668 1895 1877 2095 1957 1987 1607 1762 2112 1944 1798 1897 1850 2074 1807 1911 1899 2077 1943 1983 1922 2143 2074 1988 1696 1860 1747 2228 1700 1882 2329 1943 2149 2014 1988 2052 1732 1692 1778 1585 
2308 2230 2438 2413 2237 2040 2236 2154 2481 2182 2280 2137 1868 2327 2304 2333 2266 2458 2169 2373 1937 2004 2203 2426 2416 2301 2167 2020 2231 2138 2098 2334 2292 2483 2253 2473 1869 2083 2167 2059 2209 2286 2266 2371 2351 2368 2026 1959 2151 2195 2192 2373 2206 2314 2449 2409 2527 2302 2067 2241 2166 2198 2273 2347 2457 2187 1967 2087 2388 2037 1978 2080 2198 2303 2064 2208 2118 2205 2314 2283 2334 2389 2496 2231 1839 2402 1858 2335 2030 2159 2688 2553 2409 2332 2373 2622 2163 2215 1999 2057 
2301 2256 2397 2206 2213 2134 1945 2060 2506 2350 2328 1835 1690 2144 2117 2154 2163 2329 1987 2461 1919 2029 2134 2330 2282 1882 1942 2031 2260 1950 2128 2440 2267 2378 2254 2204 1755 2135 2107 2071 2087 2299 2176 2306 2114 2410 2021 1881 2066 2008 2183 2197 1874 2321 2367 2290 2254 2232 1899 2143 1996 2201 2270 2254 2389 2271 2006 1988 2466 2255 2084 2098 2203 2278 1921 2049 2151 2249 2348 2291 2125 2203 2413 2271 1744 2305 1774 2479 1917 2150 2571 2302 2360 2057 2281 2454 2167 1962 1887 2000 
1954 2067 2063 1966 2042 1839 2114 1953 2155 2039 2065 1844 1795 1943 2062 2115 2150 2210 1972 2055 1808 1920 1915 2169 2056 1860 1918 1814 2025 1841 1799 2216 2209 2113 2169 2152 1720 1814 1857 1835 1887 2155 1902 2217 2077 1993 1851 1904 1974 2054 1996 2026 1983 2037 2163 2064 2230 2079 1850 2012 1838 2172 2093 2018 2175 2161 1819 1907 2132 2076 2044 1927 2046 2132 1939 2054 2022 2168 2111 2221 2131 2058 2138 2014 1807 2095 1923 2149 1813 2005 2424 2172 2242 1980 2098 2190 2133 1891 1740 1807 
1840 1838 1870 1896 1763 1793 1735 1697 1973 1739 1908 1646 1490 1788 1801 1851 1910 1941 1897 1820 1565 1824 1629 1924 1889 1504 1702 1718 1807 1668 1592 1864 1899 1754 1832 1787 1493 1657 1568 1630 1790 1963 1689 1939 1776 1713 1567 1772 1691 1722 1835 1861 1596 1802 2056 1758 1662 1716 1716 1807 1683 1819 1855 1891 1832 1910 1787 1564 1880 1848 1762 1611 1890 1886 1681 1732 1723 1797 1871 1818 1756 1852 2006 1781 1605 1877 1537 1936 1559 1601 2048 2030 1957 1628 2020 2027 1851 1828 1708 1647 
1959 2206 2274 1853 1938 1964 2021 1661 2076 1905 2135 1747 1738 1801 1980 2077 2034 1984 1932 2023 1671 1945 1901 2113 2041 1751 2115 1570 1923 1656 1958 1954 2056 2013 1971 2006 1611 1857 1731 1822 2018 2034 1781 2141 1932 2110 1726 1869 2065 1856 1770 2035 1837 2053 2074 1956 2087 2104 1813 1977 1915 1950 2047 1903 2079 1996 1788 1848 1926 1932 1858 1871 2136 2019 1832 1957 1994 2154 2080 1783 1881 2023 2299 2003 1748 2063 1659 1954 1593 1803 2214 2165 2203 1953 2136 2159 1797 2014 1646 1699 
