372 414 431 478 584 448 417 458 365 311 230 441 388 315 494 
196 294 301 353 404 259 235 323 223 196 150 315 274 248 311 
246 181 226 299 304 300 300 258 281 196 176 314 267 147 354 
227 246 334 335 435 361 272 303 223 166 130 351 245 182 314 
357 321 395 387 482 455 354 375 318 263 156 439 312 232 416 
253 293 284 313 400 311 348 313 302 229 128 320 271 224 299 
326 260 370 308 366 390 346 305 323 213 204 362 298 190 360 
413 405 444 475 514 504 395 362 321 261 232 430 409 321 462 
176 171 246 284 277 240 198 238 208 168 170 317 240 156 301 
242 185 347 323 370 354 318 285 270 202 175 351 248 183 307 
264 219 315 362 398 335 403 343 343 268 207 380 317 180 389 
264 204 281 205 278 285 262 265 268 186 72 279 261 100 244 
258 235 313 268 318 305 348 236 288 209 136 274 239 195 251 
279 256 325 259 373 369 307 290 269 185 165 353 257 133 307 
282 239 307 359 403 399 317 356 297 188 168 432 294 155 415 
