1557 1840 1756 1779 1753 1455 1557 1579 1550 1535 1600 1610 1629 1811 1797 1340 1781 1734 1432 1475 1577 1653 1596 1590 1475 1670 1823 1647 1511 1591 1824 1368 1736 1657 1990 1608 1731 1647 1752 1600 1461 1632 1403 1522 1990 1664 1606 1792 1920 1561 1597 1701 1343 1533 1642 1691 1612 1820 1447 1795 1561 1736 1771 1892 1891 1492 1598 1520 1667 1606 1788 1493 1729 1644 1687 1523 1754 1854 1668 1535 1867 1789 1820 1458 1368 1758 1856 1684 1943 1606 1644 1698 1822 1487 1836 1824 1439 1766 1838 1678 
1860 2185 2276 2071 2165 1807 1938 1996 1776 2154 2028 2019 1985 2249 2101 1706 2127 2253 1766 1802 1862 1943 1794 1979 1836 2009 2154 1945 1634 2057 2120 1674 2018 1838 2280 2076 2164 2022 2115 2217 1788 1977 1829 1907 2378 1827 1893 1988 1996 1943 2129 1989 1853 2021 2070 2039 1918 2192 1665 2020 2005 1973 1887 2256 2424 1857 1957 1937 1920 2035 2096 2001 1802 2004 1943 1961 2083 2176 2168 1879 2153 2036 2082 1890 1808 2071 2156 1856 2319 2074 1943 2062 2062 1758 2241 2214 1698 2208 2298 1746 
1917 2431 2371 2162 2190 1820 2060 2006 1910 2000 1984 2113 2205 2333 2351 1820 2186 2153 1876 2011 2048 2221 2050 2038 1866 1970 2393 2062 2178 2439 2363 1899 2169 2099 2462 2255 2139 1930 2271 2345 1899 1821 2057 2053 2551 2144 2103 2191 2269 2053 2203 2121 1930 1963 2269 2211 2048 2381 1752 2212 2139 2191 2131 2194 2241 2028 1971 2166 2112 2126 2240 1928 2074 2150 2223 2116 2140 2262 2318 2097 2131 2330 2161 2032 1900 2203 2222 2006 2524 2258 2083 2253 2337 1846 2363 2347 1804 2354 2352 2163 
2302 2495 2434 2330 2351 1982 2017 2198 2008 2302 1949 2093 2187 2550 2443 2029 2289 2278 2010 2145 2214 2199 2067 2012 1991 2220 2381 2043 2058 2308 2263 1855 2227 2267 2479 2302 2229 2146 2199 2341 2004 1998 2041 2269 2597 2227 2167 2318 2313 2049 2295 2407 1997 1887 2404 2411 2123 2353 1842 2259 2088 2031 2111 2567 2319 2032 2179 2042 2017 2204 2351 2076 2072 2214 2202 2065 2362 2465 2348 2198 2368 2232 2174 2106 2097 2112 2286 2003 2585 2353 2249 2373 2407 2001 2517 2619 1874 2484 2363 2261 
1840 2084 2159 1933 2080 1758 1970 1828 1983 1856 1853 1896 2022 2185 2218 1727 2077 2231 1780 1814 1901 1920 2081 2027 1990 1830 2074 2027 1788 2072 2119 1790 1885 1986 2135 1973 2140 2045 1976 2010 1785 1909 1757 2048 2395 1840 2117 2131 2224 1914 2077 2065 1711 1864 1852 2059 1916 2090 1800 2067 1902 1939 1983 2289 2032 1912 1838 1869 1869 2082 2017 1988 1877 1876 1984 1942 2073 2173 2139 1780 2320 2002 2021 1931 1833 2029 2166 1905 2325 1994 2083 2034 2007 1727 2113 2178 1721 2152 2249 1903 
2155 2508 2311 2182 2205 2070 2052 1993 2093 1984 2096 2200 2279 2494 2217 1606 2221 2277 1972 2122 2063 2142 2054 2005 2041 2038 2401 2194 2157 2375 2380 1992 2260 2054 2528 2108 2123 2093 2164 2312 1921 2035 2087 2208 2687 2038 2189 2138 2346 2008 2155 2146 1990 2044 2179 2290 2191 2361 1902 2346 2118 2093 2188 2554 2287 2021 1983 2237 2128 2426 2329 2050 2174 2132 2186 2065 2048 2363 2239 2075 2487 2428 2272 2120 1880 2163 2175 2121 2476 2089 2075 2300 2331 1752 2481 2286 1809 2482 2307 2059 
2265 2391 2613 2314 2437 1806 2190 2133 2191 2249 2039 2166 2180 2570 2498 1952 2381 2306 1953 2183 2252 2199 2096 2197 2109 2212 2468 2224 1903 2289 2402 1966 2235 2271 2346 2345 2108 2171 2195 2400 1951 2107 1952 2293 2729 2141 2229 2399 2467 2114 2361 2422 2012 2163 2458 2374 2287 2325 1882 2381 2301 2218 2349 2523 2327 2114 2122 2266 2091 2220 2375 2136 2016 2220 2380 2239 2411 2508 2355 2122 2579 2365 2311 2053 2093 2287 2200 2273 2588 2413 2253 2387 2459 1973 2555 2437 1920 2385 2608 2086 
1859 2190 2152 1943 2070 1813 1826 1959 1897 1756 1755 2023 2062 2179 2223 1664 2176 2239 1895 1874 1751 1834 1965 1956 1721 1714 2234 1936 1840 2130 2171 1747 2084 1884 2149 1953 2016 2005 2080 2159 1903 1678 1868 1984 2516 1784 1815 2028 2163 1772 2131 2100 1728 1793 2051 2113 2108 2107 1878 1883 1948 2037 1907 2287 2220 1897 1790 1851 1919 2011 2016 1744 1771 1901 1901 1895 2059 2108 2074 1759 2144 2293 1963 1858 1864 2135 1964 2038 2452 1971 2107 2105 2241 1515 2140 2047 1725 2230 2044 1893 
2114 2413 2436 2373 2322 1748 2108 2179 2001 2243 2135 2145 2314 2426 2379 1985 2255 2174 2070 2033 2171 2259 1972 2167 2169 2322 2448 2104 1872 2209 2294 1809 2294 2134 2326 2231 2303 2057 2147 2317 1879 1939 1849 2053 2649 1998 2207 2219 2237 1928 2198 2210 1934 2073 2253 2340 2199 2339 1789 2152 2046 2194 2268 2343 2477 2000 2131 2146 1990 2212 2218 2049 2093 2149 2074 2076 2126 2175 2304 2153 2365 2250 2262 1955 2070 2166 2316 1967 2571 2117 2197 2417 2408 1857 2327 2253 2071 2535 2533 2067 
1851 2107 2312 1937 2090 1708 1972 1880 1994 1863 1879 1976 1906 2140 2152 1578 2161 2063 1789 1976 2003 1917 1951 1821 1870 1835 2125 1883 1881 2075 2120 1664 2131 1932 2280 1916 2030 1839 1959 2259 1836 1740 1861 1956 2454 1843 2040 2194 2287 1893 2034 2107 1761 1806 1860 2080 1771 2135 1524 2033 1833 2103 1995 2260 2097 1962 1928 1948 1983 1923 1906 1832 1770 1948 1961 1850 2013 2123 2018 1829 2220 2188 2194 1773 1747 1987 1992 1790 2438 1993 2025 2094 2018 1549 2158 2180 1749 2224 2070 2062 
1965 2126 2190 2029 2038 1740 1879 1729 1879 1943 1983 1873 1975 2181 2121 1591 2185 2232 1675 1982 1901 1948 1921 1893 1786 1965 2176 1991 1717 1855 2194 1767 2038 1924 2342 1948 1975 1917 1983 2106 1832 1883 1799 1895 2459 1844 1931 2152 2146 1920 1919 2041 1800 1811 2033 2077 1817 2008 1567 2048 1882 1976 1970 2209 2104 1965 1798 1876 1902 2036 1986 1886 1633 1842 2024 1910 1976 2161 1882 1824 2093 2080 2038 1921 1744 1983 1942 1868 2378 2015 2143 2186 1928 1786 2185 2090 1752 2068 2192 1839 
1839 2209 2088 1945 2028 1697 1719 1857 1678 1934 1778 1773 1911 2276 2056 1698 2096 2034 1819 1927 1766 1865 1661 1741 1594 1848 2107 1755 1757 2159 2112 1692 2002 1922 2305 1794 1881 1928 1988 1904 1660 1783 1921 1752 2124 1853 1792 1874 1930 1851 1773 2063 1697 1720 2013 1825 1922 1929 1712 1926 1788 1899 1728 2097 2133 1820 1761 1888 1928 1843 2082 1834 1803 1745 1860 1817 2170 2074 1955 1842 2031 2097 1811 1710 1794 1889 1860 1730 2099 2008 1851 2111 2166 1731 2104 2159 1704 1993 1996 1925 
1926 2149 2124 1945 1959 1939 1830 1818 1903 1931 1808 1848 2035 2122 1970 1597 2088 2058 1725 2016 1786 1989 1772 1767 1748 1884 2079 1975 1854 2067 2266 1729 2080 1957 2276 1994 1981 1740 2078 1984 1849 1770 1642 2011 2382 1762 1933 1837 2207 1945 2027 1960 1811 1809 1927 1861 1878 2106 1556 2065 1836 1927 2185 2159 2093 1731 1917 1779 1880 2149 2084 1941 1798 1928 1882 1834 1937 1989 2011 1870 2179 1958 2168 1774 1797 1971 2006 1824 2260 2096 1854 1995 2071 1844 2294 2164 1662 2231 2116 1928 
1979 2324 2308 1971 2193 1862 2081 1932 2003 2106 2066 1910 2083 2248 2090 1762 2159 2244 1720 1980 1961 2126 1972 1890 1997 2105 2257 1961 1843 2101 2021 1686 1988 1977 2254 2090 2126 2022 2134 2268 1854 1872 1967 1946 2397 1803 2084 2117 2108 1969 2146 2199 1758 1866 2013 2136 1886 2062 1607 2054 2031 1913 2025 2321 2182 1959 2116 2107 2012 2212 2045 2089 1687 1987 2008 1885 2105 2134 2199 2149 2191 2216 2147 1879 1997 2044 2127 1905 2246 2115 1987 2218 2135 1774 2336 2266 1837 2218 2349 2098 
1894 2020 1972 1824 1930 1490 1688 1659 1727 1785 1887 1705 1917 2034 2002 1678 1969 1911 1725 1764 1946 1788 1662 1806 1649 1714 1992 1753 1629 1899 1971 1567 1955 1734 2092 1723 1962 1759 1772 1929 1628 1658 1652 1647 2272 1775 1846 1943 1905 1630 1879 2022 1656 1767 1871 1778 1741 1909 1463 1828 1715 1964 1949 1989 2082 1495 1682 1891 1825 1936 1988 1598 1818 1653 1877 1648 1935 2038 1760 1951 1966 1934 1930 1582 1692 1885 1836 1794 2223 1980 1753 1918 1896 1573 1930 1956 1660 2078 2067 1772 
2093 2213 2257 2173 2179 1781 2042 2023 2006 2060 1943 2025 2138 2200 2296 1771 2105 2160 1887 1866 1988 2032 1982 2000 1817 2000 2251 2165 2046 2178 2176 1762 2142 1998 2472 1899 2078 1812 2176 2135 1866 1846 1744 1962 2624 1894 2117 2154 2275 2018 2169 2055 1756 1995 2118 2237 1963 2066 1711 2186 1834 2184 2154 2213 2089 1773 1955 1898 2035 2022 2089 1939 1803 2101 2176 1988 2121 2131 2145 1923 2145 2265 2219 1921 1751 2145 2182 2056 2386 2059 2224 2115 2257 1902 2299 2095 1879 2247 2225 1898 
1980 2251 2223 1948 2107 1891 1903 1800 1829 1963 1809 1910 2190 2128 2128 1694 2059 2116 1952 1993 1888 1860 1984 1888 1850 2002 2278 1931 1816 1998 2073 1677 2129 1898 2188 2073 2077 1951 2089 2090 1850 1825 1866 1977 2427 1837 2023 2027 2130 1855 2049 2159 1869 1781 2163 2156 2054 2200 1838 2117 1975 2151 2039 2401 2149 1929 1891 1958 1941 2032 2047 2024 1810 2002 1874 1998 1953 2111 1897 1841 2214 2072 1980 1986 1778 1924 1970 1945 2253 1919 2028 2191 2262 1728 2232 2183 1654 2352 2209 1765 
1827 2043 1986 1901 1885 1701 1644 1801 1844 1856 1709 1620 1781 1871 1919 1617 1926 1994 1525 1647 1641 1782 1691 1508 1696 1785 1989 1663 1676 1836 1965 1501 1789 1783 2084 1606 1885 1772 2063 1871 1635 1618 1656 1910 2024 1730 1887 1871 1828 1666 1785 1856 1717 1517 1777 2013 1827 1818 1560 1881 1607 1696 1723 2036 1802 1545 1693 1577 1918 1939 1918 1768 1744 1730 1705 1744 1809 1988 1915 1718 1944 1851 1904 1738 1692 1836 1824 1705 2003 1736 1854 1921 1927 1565 2138 2096 1473 1784 1874 1760 
1943 2232 2228 2047 2281 2043 1940 1901 1905 1811 1791 1978 2132 2168 2033 1625 2160 2142 1659 2051 2044 1872 1879 1732 1812 1944 2217 2076 1799 2009 2199 1794 2138 2008 2191 2215 2174 2020 2193 2135 1929 1868 1954 2110 2408 2017 1930 2028 2284 1880 2033 2055 1888 1787 2019 2150 1943 2169 1626 2140 2040 1997 1959 2245 2228 1926 2013 2044 2154 2070 2252 2084 1825 1939 1898 1975 2003 2250 2101 1869 2185 2028 2162 1910 1799 1917 2066 1920 2476 1960 2064 2096 2086 1635 2204 2446 1766 2244 2269 1848 
1871 2133 2202 2110 2004 1801 1848 1855 1759 1827 1789 1867 1945 2020 2041 1560 1793 2041 1724 1880 1853 1788 1834 1803 1666 1986 2225 1833 1804 2054 2119 1611 1882 1770 2091 2055 2008 1667 1896 2037 1906 1634 1681 1892 2255 1753 1858 1994 1972 1745 2011 1826 1774 1876 1908 1999 1678 2105 1741 1797 1799 1821 1907 1953 2135 1837 1696 1835 1835 2108 1984 1833 1699 1993 1780 1947 1724 2062 2142 1751 1920 2053 1935 1804 1678 1811 1930 1770 2320 1906 2123 1875 2031 1490 2027 2053 1678 2250 2150 1771 
2016 2349 2398 2122 2330 1815 2186 2149 2169 1969 1948 2207 2117 2419 2324 1720 2256 2159 2056 2026 2108 2115 2057 2179 2003 2017 2438 1924 2022 2335 2395 1938 2323 2049 2372 2143 2182 1979 2252 2338 1994 1930 1987 2012 2556 2014 2213 2242 2461 1981 2228 2265 2025 2079 2245 2258 2106 2342 1950 2190 2023 2219 2129 2389 2359 1888 2024 2004 1928 2128 2269 2029 2040 2060 2161 2135 2224 2260 2306 2015 2238 2221 2246 1945 2031 2239 2329 2178 2627 2283 2148 2417 2301 1798 2342 2207 1936 2362 2441 2146 
1993 2064 1881 1978 1982 1771 1799 1806 1766 1749 1846 1759 1843 1982 1955 1557 1980 2102 1715 1810 1669 1842 1792 1894 1743 2023 1870 1845 1716 1941 2100 1554 2012 1860 2235 1732 2012 1913 1861 1896 1706 1714 1647 1760 2351 1682 1943 1957 2043 1812 1915 1822 1720 1742 1880 1966 1845 1894 1711 1881 1762 1842 1936 2143 1980 1646 1615 1823 1977 2097 1922 1882 1775 1789 1902 1797 1819 1970 2001 1767 2073 2131 2005 1741 1657 2017 1900 1843 2173 1759 1917 1970 2007 1551 1992 2032 1655 2050 2004 1928 
1998 2447 2517 2326 2230 1988 2325 2256 2180 2125 2122 2082 2247 2380 2332 1822 2102 2359 1931 2171 2189 2199 2041 1977 2081 2082 2268 2217 1974 2381 2245 1765 2151 2073 2368 2272 2268 2024 2223 2408 1926 2062 1991 2225 2544 2047 2139 2344 2344 2075 2361 2282 2014 2045 2152 2303 2031 2415 1918 2243 2234 2237 2190 2468 2324 1941 2182 2099 2146 2354 2269 2268 2032 2369 2044 2355 2282 2430 2400 2073 2436 2276 2272 2047 2016 2188 2239 2144 2558 2236 2183 2361 2335 1853 2468 2458 1866 2523 2603 2060 
1642 1996 1864 1901 1839 1590 1732 1648 1602 1729 1621 1610 1752 1942 1748 1395 1720 1918 1563 1682 1656 1736 1704 1724 1660 1803 1828 1539 1545 1876 1784 1560 1733 1684 2091 1843 1847 1706 1728 1875 1641 1583 1597 1797 1995 1554 1569 1927 1943 1668 1894 1872 1494 1615 1647 1927 1513 1790 1544 1704 1757 1662 1703 1907 1914 1685 1685 1655 1674 1686 1675 1673 1555 1670 1740 1600 1732 1759 1764 1582 1942 1845 1876 1739 1679 1654 1809 1681 2029 1684 1851 1933 1888 1360 1703 1873 1401 1888 1869 1750 
1721 2088 2017 1955 1962 1641 1636 1788 1855 1862 1751 1697 1843 1988 1991 1645 1905 1896 1695 1714 1640 1727 1785 1699 1555 1742 1985 1816 1643 1959 2046 1551 1877 1678 2088 1821 1854 1725 1889 1948 1587 1667 1741 1793 2299 1766 1783 1922 1853 1595 1936 1889 1592 1717 1795 2030 1815 1949 1769 1787 1741 1709 1699 2099 1995 1687 1741 1684 1839 1913 1862 1764 1776 1817 1711 1623 1792 2013 1990 1796 1930 1964 1787 1644 1719 1730 1840 1630 2160 1772 1873 1954 1972 1539 2077 2099 1614 2028 1984 1706 
1933 2364 2150 2133 2163 1902 2046 1997 1860 2021 1878 2003 2159 2303 2256 1575 2138 2135 1894 1806 2012 2086 1890 2013 1975 2023 2386 2080 1920 2131 2263 1770 2108 1993 2432 2112 2068 1865 2212 1934 1803 1919 1816 2086 2637 1932 2059 2133 2481 1974 2098 2112 1796 1810 2144 2181 2015 2118 1842 2267 2022 2070 2079 2332 2202 1830 2125 1903 1954 1943 2080 1910 1903 2042 2055 2040 2108 2227 2183 1990 2332 2145 2190 2014 1843 2164 2203 2022 2460 1926 1942 2200 2174 1650 2330 2077 1732 2521 2337 1957 
1982 2235 2245 2046 2267 1877 2056 1994 1869 1902 1902 2030 2026 2143 2081 1735 2089 2182 1889 2009 1952 1957 1875 1955 1804 2039 2137 1942 1826 2021 2192 1910 1936 1945 2352 1926 2206 2023 2095 2056 1808 1775 1909 1934 2313 1861 1945 2158 2054 1935 2046 2014 1853 2051 1929 2032 1830 2069 1620 2152 2024 2017 1920 2216 2301 1882 1730 2084 2081 2119 2187 1988 1789 1965 2066 1825 2059 2214 2055 1853 2092 2162 2058 1869 1761 2114 1968 1927 2306 1951 2076 2163 2167 1711 2039 2114 1792 2156 2248 2016 
2020 2148 2135 1956 2014 1819 2017 1841 1939 1890 1920 1919 2083 2143 2042 1658 2044 2058 1661 1936 1927 1910 1862 1909 1746 1983 2112 2032 1724 1993 2162 1647 2017 1717 2082 1968 2091 2003 1836 2048 1648 1741 1650 1956 2326 1894 2008 2007 2100 1902 2032 1988 1788 1798 2018 2037 1883 2058 1682 1960 2060 2032 1950 2241 2000 1871 1848 2051 2060 2130 2081 2057 1799 1991 2057 2019 1850 2166 2093 1905 2098 2115 1922 1904 1802 2005 1839 1980 2475 2025 1914 2137 2070 1657 2229 2149 1782 2262 2192 1886 
1890 2125 2166 1925 1961 1795 1844 1822 1875 2015 1772 1804 2091 2040 2079 1718 2088 2099 1770 1938 1783 1988 1836 1853 1787 1971 2073 1833 1685 2075 1885 1616 1839 1896 2215 1961 1916 1816 1960 1998 1794 1631 1704 1880 2154 1793 1915 1939 1908 1795 1972 2081 1724 1903 1944 2069 1748 1883 1603 1742 1839 2004 1950 2089 1889 1825 1807 2014 1859 1975 1998 1838 1672 1854 1742 1875 2017 1976 1944 1877 2101 2029 1948 1744 1736 1977 1895 1855 2217 1925 1968 2109 2018 1673 2103 1991 1638 2163 2076 1792 
2084 2288 2172 2149 2226 1864 2080 1958 2106 1973 1983 1950 2248 2231 2204 1787 2107 2175 1898 2065 2045 1999 1937 1932 1890 2061 2184 2105 1941 2148 2271 1699 2167 2107 2281 2078 2250 2050 2195 2163 1942 1975 1967 1880 2689 2090 1989 2240 2247 2030 2072 2199 1936 2004 2061 2380 1982 2241 1885 2250 2038 2125 2127 2416 2261 1796 1941 2009 2044 2180 2178 2126 1885 2150 2142 1996 2007 2279 2210 1949 2202 2145 2184 2034 1986 2186 2195 2076 2471 2107 2055 2123 2135 1780 2330 2372 1983 2232 2264 2051 
2114 2340 2279 2105 2263 2048 2139 2051 2068 2009 2087 2122 2170 2282 2217 1813 2344 2333 1934 1992 2116 2089 2103 2174 1909 2095 2442 2090 1944 2280 2346 1873 2164 1974 2402 2105 2139 2064 2282 2324 2038 1942 1940 2098 2669 2016 2263 2281 2295 2015 2169 2227 1955 2198 2273 2279 1982 2253 1843 2255 2275 2024 2169 2331 2226 2064 1949 2088 2258 2292 2267 2131 2067 1973 2211 2240 2082 2410 2239 2078 2303 2305 2072 2139 1895 2329 2097 2215 2669 2153 2262 2180 2378 1711 2391 2303 1844 2291 2505 2039 
1732 2005 1999 1892 1871 1542 1808 1623 1700 1696 1677 1664 1856 1964 1960 1415 2023 1830 1739 1649 1825 1827 1734 1782 1655 1711 1862 1764 1651 1875 2029 1669 1828 1833 2251 1843 1888 1756 1793 1776 1619 1844 1910 1643 2312 1785 1751 1947 1887 1857 1749 1959 1691 1659 1825 1943 1694 1918 1520 1921 1761 2013 1763 2072 1764 1650 1614 1769 1855 1765 1942 1789 1740 1681 1858 1761 1924 1981 1848 1753 1925 1908 1853 1812 1591 1859 1890 1877 2113 1837 1984 2087 1862 1615 1884 1960 1486 1956 2042 1677 
1881 2203 2215 1951 2124 1925 1972 1875 1888 1990 1904 1934 2077 2335 2259 1686 2129 2408 1818 1947 1946 1977 1855 1964 1858 1942 2123 1954 1775 2271 2348 1722 2136 1916 2186 2213 2271 2012 2080 2150 1927 1864 1912 2008 2428 1908 1733 1847 2186 2000 2253 2061 1803 1910 2122 2260 2081 2185 1861 1999 1960 1924 1820 2203 2161 1751 2055 2011 2039 2122 2293 1990 1783 2086 2012 2027 2084 2075 2206 1761 2173 2186 1944 1947 1851 2025 2145 2016 2458 2041 1999 2121 2204 1739 2159 2207 1797 2346 2143 1862 
2095 2175 2044 2004 2062 1837 2038 1783 1970 1997 1806 1809 2064 2201 2078 1762 1923 2151 1756 1961 1890 1840 1897 1874 1825 2056 2282 1770 1885 2130 2166 1662 1970 1952 2299 1835 1984 1830 1997 1930 1755 1806 1714 1930 2373 1862 1979 1997 2213 1816 1925 1863 1653 1755 1954 2070 1658 1977 1857 1984 1867 2011 1918 2211 2032 1866 1901 2024 1846 1971 1980 2009 1754 1850 2092 1874 2064 1946 1987 1810 1951 2121 1949 1712 1914 2141 2012 1902 2147 2008 1868 2074 2019 1661 2103 2146 1644 2110 2055 1987 
1946 2241 2301 2136 2286 1898 1935 1956 1969 1820 1896 1901 2104 2250 2237 1973 2217 2387 1836 2083 1988 2032 2011 2017 1809 1917 2270 1948 1918 2247 2316 1730 2072 2109 2354 2176 2277 2139 2133 2192 1905 1900 1870 2095 2683 2036 1926 2231 2169 2068 2087 2132 1966 1899 2228 2141 1974 2096 1860 2018 2157 2010 1995 2327 2219 1825 2016 1998 2003 2034 2129 2104 1917 1912 1979 1866 2150 2185 2158 1979 2237 2234 2027 1969 1973 2171 2190 2005 2428 2155 2086 2205 2321 1858 2328 2355 1860 2232 2270 2118 
1974 2016 2213 1861 2012 1868 1886 1840 1812 1773 1710 1841 2057 2086 2070 1577 2017 2153 1710 1905 1836 1936 1845 1830 1872 1798 2120 1942 1783 2143 2050 1824 1957 1956 2154 1949 1899 1900 1983 2063 1840 1683 1859 2017 2341 1850 1999 2037 2209 1670 1983 1997 1758 1831 1955 2054 1857 2058 1676 1998 1830 1914 1934 2236 1954 1959 1785 1820 1833 2157 2142 1904 1833 1862 1933 1852 1935 2120 2016 1903 2029 2050 2068 1814 1732 2070 1974 1933 2261 1909 2014 1922 2096 1525 2241 2042 1622 2186 2093 1884 
1972 2161 2101 1993 2006 1823 1863 1824 1721 2060 1823 1955 2045 2225 2113 1495 2084 2199 1705 1863 1973 1973 1817 1877 1780 1929 2071 1972 1736 2085 2115 1679 2011 1925 2248 2067 2095 1861 2016 2035 1700 1872 1839 1829 2354 1832 1772 1955 2074 1907 2065 1958 1790 1836 2070 1968 1895 2052 1775 2115 2000 1937 2040 2180 2179 1905 1988 2053 1915 1905 2029 1904 1867 1922 1994 1912 2060 2302 1977 1918 2197 2132 1944 1927 1756 1953 1914 1866 2404 2034 2023 2021 2011 1711 2186 2280 1704 2302 2101 1811 
2200 2613 2439 2300 2259 1931 1951 1948 2096 2171 2042 2087 2223 2575 2067 1940 2355 2340 1961 2112 2117 2174 2035 2073 2029 2127 2338 2221 2036 2335 2377 1934 2213 2327 2522 2260 2492 2112 2241 2360 1975 1902 2179 2123 2573 2095 2150 2214 2263 1941 2317 2196 2074 2175 2189 2238 2115 2409 1780 2371 1964 2080 2095 2407 2243 1959 2104 2325 2162 2278 2397 1983 2119 2176 2310 2033 2231 2394 2217 2060 2423 2222 2201 2139 1925 2167 2347 2001 2548 2258 2240 2254 2206 2015 2411 2542 1973 2359 2268 2279 
2074 2257 2495 2185 2279 1905 2117 2095 2006 2097 1898 2052 2005 2510 2251 1819 2273 2263 1795 1952 2000 2102 1876 2068 1892 2095 2290 1979 1827 2187 2222 1709 2091 1919 2115 2092 2298 2129 2034 2197 1932 1892 1888 2065 2529 1861 1934 2211 2198 2116 2246 2095 1922 2047 2322 2186 2041 2197 1848 2094 1976 2086 2049 2292 2209 2058 2114 2010 2212 2038 2185 1994 1949 2076 1993 2123 2087 2386 2346 1923 2289 2162 2122 1970 1958 1984 2222 2063 2501 2082 2202 2185 2202 1784 2309 2386 1877 2436 2366 1777 
2152 2508 2366 2257 2312 1976 2346 2144 2327 2356 2071 2174 2438 2458 2568 1951 2316 2368 2048 2335 2307 2199 2212 2065 2201 2243 2532 2191 2179 2368 2480 2056 2241 2217 2471 2389 2392 2289 2342 2472 1982 2119 2126 2127 2792 2152 2223 2448 2420 2227 2399 2426 2114 2042 2368 2596 2143 2391 2083 2307 2167 2299 2295 2479 2300 2263 2185 2201 2147 2253 2435 2221 2096 2272 2116 2274 2380 2477 2321 2101 2411 2366 2176 2239 2195 2247 2288 2132 2632 2418 2307 2455 2462 2139 2451 2715 1945 2604 2503 2031 
1916 2283 2250 2101 1998 1872 2045 2011 1990 1887 1982 2043 2133 2274 2127 1668 2078 2119 1976 2026 1896 2031 1854 1956 1830 1930 2263 1953 1806 2246 2342 1956 2193 1981 2265 2098 2019 1926 2143 2066 1857 1920 1803 1938 2524 1992 1857 2168 2219 1840 2113 2072 1827 1953 2205 2176 1935 2183 1833 2079 2083 1979 2078 2123 2155 1809 1895 2033 1982 2185 2324 1966 1952 1906 2003 1982 2114 2176 2036 2116 2236 2201 1984 1902 1866 2100 1980 2014 2590 2092 2153 2176 2297 1826 2197 2196 1768 2289 2475 1967 
2000 2274 2287 2081 2166 1903 2067 1928 2004 2091 1957 2145 2169 2362 2179 1684 2189 2346 1965 2082 1892 2071 1838 2099 1701 1969 2294 1996 1809 2151 2190 1811 2092 2147 2456 1955 2275 2054 2183 2282 2033 1954 1841 2115 2454 1945 1961 2199 2356 2002 2070 2210 1856 1954 2197 2095 1951 2233 1774 2289 1954 2112 2043 2438 2158 1811 2122 2093 2077 2173 2168 2058 1936 2096 2076 2015 2162 2288 2109 1902 2328 2145 2130 2091 1802 2065 2189 2057 2415 2149 2038 2096 2281 1807 2358 2319 1882 2266 2292 2061 
1856 1952 2147 2023 2035 1724 1803 1894 1725 1766 1791 1794 1939 2029 2040 1490 1987 2036 1726 2066 2037 1862 1766 1849 1669 2025 1957 1838 1681 1917 2073 1753 2085 1773 2147 2007 1992 2013 1871 1977 1759 1889 1847 1776 2361 1892 1904 1955 2104 1845 1863 1963 1879 1723 2060 1989 1902 2100 1654 1932 2075 1935 2024 2219 2124 1945 1746 1974 1817 1960 2082 1996 1825 1942 1928 1897 1893 2276 1938 1708 2092 2017 1947 1895 1755 1867 1935 1759 2225 1911 1899 2086 2107 1711 2076 2333 1779 2058 2114 1736 
1914 2199 2414 2027 2247 1876 2131 1869 2045 1888 1974 2062 2235 2355 2201 1740 2151 2135 2008 2050 2099 2059 1872 2012 1837 1883 2288 1935 1786 2222 2189 1877 2051 2053 2197 2095 2262 2025 2077 2250 1940 1875 1979 2222 2503 1996 2036 2109 2094 2113 2086 2163 1926 2135 2137 1994 2097 2072 1841 2218 2066 2195 1966 2351 2226 1894 1967 2150 2077 2176 2252 2054 2018 2095 2142 2112 2200 2248 2075 1947 2211 2123 1940 2099 1815 2201 2213 1937 2447 2115 2015 2161 2285 1695 2376 2254 1824 2383 2245 2010 
1987 2093 2252 1971 2090 1773 1911 1967 1806 2059 1859 1901 1998 2218 2136 1653 1938 2245 1733 1977 2073 2018 1924 1985 1795 1979 2162 1971 1740 1976 2067 1777 2147 1928 2210 2006 2204 2046 1969 2073 1902 1796 1715 1890 2425 1730 1901 2078 2197 1903 2079 2156 1933 1777 1968 1960 1973 2100 1692 2178 2059 1992 2121 2122 2310 1988 1911 2010 1947 1919 2106 1964 1766 1855 2099 1922 2092 2206 1922 1864 2117 1892 2006 1892 1908 2022 1988 1902 2405 2138 2042 1890 2075 1680 2218 2317 1743 2194 2288 1860 
1757 1920 1992 1893 1987 1859 1805 1736 1760 1710 1696 1832 1826 1955 1845 1533 1846 2051 1716 1921 1640 1704 1737 1822 1466 1802 2060 1645 1694 1882 2000 1617 2013 1672 2065 1818 1845 1855 1958 1860 1774 1710 1617 1798 2254 1753 1783 2025 1983 1790 1891 1904 1624 1778 1874 1929 1691 1970 1709 1796 1843 1801 1780 2096 1935 1685 1758 1660 1833 1845 1980 1871 1765 1821 1945 1688 1854 2002 1907 1666 1878 1968 1891 1778 1704 1819 1953 1788 2111 1926 1818 1902 2103 1584 2030 2023 1583 1913 2076 1759 
2177 2736 2456 2373 2367 2046 2074 2150 2121 2196 2074 2188 2365 2504 2590 1981 2408 2485 2021 2163 2334 2337 2146 2227 1980 2251 2569 2414 2132 2506 2626 1980 2368 2365 2728 2296 2477 2251 2409 2395 1932 2132 2016 2230 2636 2122 2169 2347 2461 2115 2358 2316 2004 2126 2307 2382 2283 2302 2023 2267 2201 2321 2254 2550 2425 1999 2208 2156 2267 2326 2377 2233 2270 2344 2147 2197 2384 2410 2237 2237 2537 2541 2217 2189 1954 2366 2314 2194 2747 2321 2303 2545 2615 2060 2539 2424 2085 2604 2528 2333 
1941 2141 2202 2139 2158 1776 1984 1799 1914 1859 1848 1844 2017 2377 2223 1655 1962 2104 1877 1985 2027 1940 1967 2054 1674 1945 2010 1914 1800 2124 2057 1795 2043 1978 2124 2096 2027 1939 1957 2336 1741 1868 1821 1944 2558 2010 1960 2105 2078 1899 2061 2105 1786 1810 2165 2113 1930 2015 1798 1988 1999 2147 1931 2386 2118 1871 1748 1978 1907 2025 1978 2064 1776 1947 2005 1926 2125 2099 1915 1845 2068 2087 1874 1962 1815 1952 2131 1957 2428 2071 2172 2321 2213 1681 2073 2272 1781 2237 2208 1812 
2155 2660 2467 2370 2137 1961 2076 2037 2163 2384 2060 2233 2370 2520 2331 1832 2313 2425 2042 2111 2308 2114 2062 2099 1879 2144 2507 2231 2021 2438 2400 1972 2366 2216 2552 2286 2305 2119 2288 2503 1953 1910 2101 2213 2565 2234 2194 2156 2263 2037 2379 2274 2125 2063 2288 2246 2383 2362 1968 2247 2140 2232 2219 2613 2416 2108 2063 2115 2100 2340 2321 2094 2091 2325 2184 2197 2452 2497 2238 2080 2274 2316 2249 2178 1901 2213 2273 2023 2763 2328 2133 2252 2497 1914 2624 2452 2026 2563 2412 2076 
2070 2345 2438 2216 2204 1779 2182 2021 2078 2194 1929 2021 2119 2207 2228 1841 2325 2197 2002 2044 2018 2225 2012 2084 2012 2181 2414 1862 1948 2150 2331 1993 2221 2145 2455 2069 2251 2017 2261 2290 1943 1844 2058 2097 2503 1984 2138 2286 2318 1982 2229 2189 2070 2091 2161 2321 1972 2257 1999 2269 1868 2160 2155 2405 2182 2073 2002 1954 2109 2069 2065 2032 2072 2098 2199 2103 2096 2443 2201 1984 2312 2300 2249 2143 1950 2275 2152 2032 2504 2160 2259 2259 2267 1802 2359 2360 1995 2175 2365 2119 
2191 2329 2376 2240 2083 1836 1981 2006 1904 2104 1995 2005 2085 2280 2253 1866 2189 2329 1797 2105 2053 1990 1932 1905 1865 2032 2420 2019 1878 2073 2225 1805 2137 2334 2385 2145 2043 1953 2073 2093 1815 1910 1829 2262 2500 2005 1986 2198 2313 1931 2074 2042 1821 1819 2146 2108 1942 2224 1719 2128 1892 2032 2042 2414 2170 1947 1991 2075 1830 2257 2156 2049 1808 2165 2117 1914 2185 2330 2105 2005 2296 2193 2314 1859 1940 2200 2174 1935 2387 2124 2162 2120 2252 1923 2324 2242 1873 2309 2212 2138 
1970 2069 2139 2122 2197 1686 1845 2001 1863 1978 1840 1838 1938 2203 2137 1752 2188 2071 1735 1859 1861 2005 1883 1819 1681 1760 2168 1949 1637 2139 1952 1598 1873 1977 2216 2049 2081 1930 1964 1990 1830 1898 1853 1951 2459 1847 1902 2085 2147 1751 1991 2043 1653 1951 1970 1970 1930 2070 1794 1971 1846 1882 1877 2073 2142 1751 1997 1944 1987 1931 2056 1986 1784 1883 1857 1836 2015 2062 2128 1938 2225 1977 2013 1711 1920 1995 2100 1945 2286 1991 2132 2030 1923 1632 2188 2216 1756 2255 2146 1856 
1955 2415 2316 2129 1984 1908 1964 1928 1991 2019 2031 2147 2112 2440 2134 1539 2065 2410 1760 2014 1955 2069 1884 1996 2050 1938 2226 2049 1919 2135 2436 1730 2197 1987 2266 2144 2202 2081 2115 2285 1836 1990 2001 2121 2442 1963 2004 2134 2266 2123 2068 2022 1911 1904 1918 2213 1984 2268 1781 2107 1855 2069 2098 2462 2211 1999 1970 2029 1855 2234 2103 1991 1932 2179 2022 2090 1898 2424 2291 1982 2335 2294 2183 2037 1935 2074 2038 1984 2409 2185 2039 2104 2155 1696 2283 2362 1792 2296 2299 2053 
2107 2364 2301 2153 2231 1982 1976 1984 2073 2193 1980 2039 2070 2305 2023 1660 2235 2385 1960 2175 2064 2057 2012 2062 1968 2085 2344 1924 1861 2169 2299 1896 2139 2075 2503 2176 2323 2057 2211 2244 1954 2037 1916 2016 2502 2103 2209 2359 2309 2110 2181 2186 1899 1978 2097 2254 1854 2281 1792 2256 2055 2116 2203 2348 2248 1897 2129 2025 2071 2021 2124 2100 2063 1965 2219 2049 2160 2254 2178 1946 2281 2135 2214 2059 1965 2111 2297 2052 2496 2210 2161 2281 2194 1870 2220 2376 1803 2296 2408 2077 
1976 2208 1947 2071 2076 1913 2010 1970 1928 1917 1845 1933 2074 2376 2072 1745 2162 2133 1751 1881 1927 2087 1728 1780 1797 2016 2127 1973 1820 2055 2120 1598 1980 1985 2183 1966 2067 1985 2058 2028 1905 1955 1953 1913 2330 1916 1982 1922 2117 1954 2018 1980 1828 1866 1955 2034 1978 1998 1730 2161 1866 1857 1903 2293 2068 1869 1974 1812 2005 2078 2022 1927 1936 1869 1991 1975 2026 2186 2140 1866 2068 1980 2003 1824 1971 1970 2039 1772 2298 2054 1873 2037 1916 1745 2198 2218 1726 2278 2108 1890 
2026 2475 2383 2181 2281 1889 1939 1940 1972 2088 2185 1960 2187 2340 2315 1709 2041 2224 2062 2000 2065 2008 2037 2131 1834 2216 2276 2119 1839 2195 2279 1898 2172 2147 2408 2266 2203 1955 2101 2274 1968 1852 1882 2103 2584 2035 2107 2103 2262 1956 2108 2173 1955 2204 2198 2023 2078 2199 1774 2133 2056 2040 2133 2331 2363 1861 1925 2104 2020 2256 2249 2049 2012 2167 2147 2093 2213 2250 2209 2052 2266 2216 2044 2026 1934 2150 2095 2018 2523 2098 2138 2179 2204 1859 2310 2302 1778 2469 2358 2120 
2076 2440 2307 2245 2291 2037 1892 1995 1969 2072 2075 2130 2220 2261 2107 1843 2329 2266 1797 2010 1983 2141 1976 1941 2096 2218 2257 2050 1945 2313 2260 1772 2107 2088 2512 2146 2393 2122 2247 2343 2062 2017 1936 2133 2618 1857 2035 2283 2240 2101 2338 2175 1991 2093 2141 2200 1960 2233 1711 2090 2175 2164 2182 2399 2381 1935 2079 2146 2186 2237 2156 2076 1924 1985 1981 2065 2185 2202 2135 2011 2468 2212 2192 2154 1959 2274 2103 2132 2497 2179 2154 2316 2141 1800 2394 2519 1728 2330 2260 2070 
1780 2232 2208 1998 1950 1759 1775 1882 1841 1706 1642 1861 1886 2226 1947 1535 2018 2027 1621 1956 1813 1804 1806 1766 1676 1720 2037 1963 1829 2056 1946 1677 1990 1926 2125 1925 2014 1794 1885 2014 1875 1770 1722 1883 2348 1719 1734 1994 1955 1880 1997 1941 1769 1791 1932 2026 1791 2099 1450 1781 1899 1876 1820 2062 1984 1836 1790 1816 1826 2000 1981 1710 1675 1892 1730 1746 1970 2050 1914 1771 2103 2026 1946 1809 1762 1816 1907 1776 2316 1930 2081 1992 2019 1665 2016 2037 1582 2152 2014 1908 
2128 2311 2426 2100 2386 2013 2225 2228 2045 2033 1997 2139 2275 2343 2495 1890 2350 2186 1993 2100 2138 2199 2050 2042 2099 2217 2297 2113 2061 2453 2337 1969 2120 2093 2456 2191 2332 2037 2239 2171 2058 1980 2161 2089 2613 1992 2148 2251 2372 2199 2402 2363 1841 2112 2171 2362 2245 2371 1816 2281 2169 2177 2078 2481 2347 1981 2132 2173 2177 2350 2436 2173 1906 2237 2249 2075 2401 2231 2425 1995 2395 2389 2315 1965 2040 2368 2398 2173 2584 2247 2274 2206 2296 2036 2498 2412 1906 2542 2273 2238 
1951 2235 2346 2096 2255 1885 2059 1990 2128 1847 1847 2137 2275 2291 2150 1815 2126 2266 1872 2055 1968 2054 2025 1989 1864 1882 2247 2137 1969 2205 2107 1795 2060 1891 2185 2222 2220 2089 2226 2397 1919 1843 2015 2137 2503 2078 2127 2180 2287 1891 1997 2214 1958 2016 2175 2192 1943 2220 1727 2146 1997 2155 2063 2249 2245 2077 1919 2095 2085 2026 2278 2020 2007 2058 2071 2088 2050 2295 2266 1943 2257 2110 2001 2108 1766 2040 2122 2036 2512 1979 2119 2178 2187 1717 2215 2415 1849 2325 2382 1984 
2129 2384 2321 2101 2349 2046 2251 2017 2150 2114 2000 2112 2337 2447 2303 1922 2196 2177 2039 2065 1976 2073 2120 2074 2135 2076 2275 2147 1925 2240 2316 1961 2216 2164 2327 2314 2174 2084 2180 2363 1840 1941 2129 2032 2527 2129 2205 2106 2190 1992 2297 2245 1859 2162 2124 2126 2070 2254 1973 2173 2091 2257 2094 2482 2239 1955 2010 2249 2034 2306 2378 2316 2045 2144 2302 2114 2300 2219 2279 2016 2263 2239 2062 1901 2087 2345 2378 2179 2536 2256 2030 2293 2308 1939 2412 2358 1943 2385 2441 2097 
2177 2291 2362 2169 2215 1723 1892 2009 1966 2057 1984 1964 2095 2254 2217 1761 2091 2174 1878 2060 1976 2138 1966 1962 1881 2060 2217 1834 1782 2151 2222 1809 2263 2073 2363 2047 2137 1925 2120 2219 1972 1873 1960 2010 2541 1919 2001 2155 2282 1975 2128 2142 1920 1937 2123 2253 2136 2200 1831 2202 1991 2002 2025 2321 2289 1914 2038 1988 1970 2091 2170 1993 1872 1999 2141 1871 2025 2111 2111 1941 2276 2193 2169 2029 2000 2126 2078 1817 2323 2220 2126 2186 2241 1816 2322 2333 1863 2225 2251 2028 
1871 2306 2268 2232 2148 1723 1920 1811 1891 1953 2011 1914 2060 2336 2127 1810 2158 2333 1716 1915 2103 1959 1951 1971 1833 1861 2312 2102 1816 2302 2238 1808 2059 2061 2363 2157 2022 2046 2115 2114 1828 1848 1716 2006 2483 2012 1960 2115 2383 1880 2028 2084 1952 1880 2029 2116 1915 2249 1814 2027 2035 2157 2146 2133 2187 1944 1960 2036 1829 2006 2024 1934 1916 1968 1986 1934 2071 2172 2154 1923 2132 2067 2163 1899 1908 2112 2090 1920 2348 2102 2047 2150 2256 1691 2249 2103 1812 2215 2189 1907 
1893 2046 1993 1958 2130 1778 1878 1942 1809 2009 1772 1983 2051 2039 2076 1718 1889 1997 1840 2036 1672 1904 1874 1748 1891 1888 2172 1912 1784 2091 2062 1625 1921 1869 2174 1883 1983 1782 2086 1985 1726 1718 1899 1807 2354 1854 1917 2027 2011 1769 1922 2055 1769 1966 2025 2092 1771 1978 1796 2045 1884 2005 2019 2152 2110 1863 1782 1945 1985 1947 2154 1966 1888 1776 1892 1863 2034 2087 2017 1795 2135 2020 1919 1671 1847 2084 1957 1815 2228 1939 1884 1957 2029 1626 2166 2287 1637 2164 2216 1906 
1901 2109 2242 1902 1995 1869 1847 1709 1865 1995 1864 1927 2018 2174 1993 1540 1981 2024 1648 1749 2150 1732 1921 1899 1693 1849 2158 1990 1766 2008 2043 1704 2036 1725 2057 1980 2073 1775 2027 2150 1901 1786 1610 2055 2390 1826 1952 1978 2120 1892 2044 1942 1836 1895 1917 1895 1809 2122 1682 2096 1950 2027 2028 2280 2071 1783 1885 1896 1997 2011 2015 1804 1791 1894 1839 1887 2134 2266 1852 1907 2140 1874 2001 1893 1775 1859 1970 1890 2398 2019 1934 1937 1982 1488 2230 2208 1476 2185 2188 1680 
1954 2412 2415 2227 2246 1835 2059 2086 1819 2013 1871 2167 2100 2395 2189 1658 2131 2267 1862 1998 1941 2108 1821 2106 1993 2123 2299 2036 1735 2112 2135 1745 2241 2118 2463 1990 2222 2154 2061 2182 1899 2145 1940 1983 2434 1882 2027 2197 2288 2009 2154 2117 1893 1923 2225 1994 2020 2153 1665 2204 2125 2145 2049 2329 2309 2070 2134 2015 2054 2000 2125 2017 2020 2037 2194 2051 2138 2303 2164 2024 2252 2249 2126 2100 1843 2058 2099 1993 2386 2076 2084 2089 2223 1747 2231 2211 1772 2395 2517 1933 
1840 2165 2250 2024 2072 1779 1998 1936 1888 1799 1886 1985 1951 2139 2096 1620 2074 2051 1659 1948 1855 2035 1863 1884 1785 1984 2253 2008 1898 2202 2149 1755 2072 1893 2246 2064 1976 1887 2023 1953 1803 1786 1806 1848 2520 1948 2045 2113 2341 1955 2068 1915 1779 1678 2019 2122 1850 2109 1734 2008 2012 1918 2091 2171 2109 1985 1908 1953 1969 2157 2152 2010 1874 1924 2039 1974 2025 2369 2078 2003 2080 2101 2164 1795 1690 2105 2016 1832 2429 1920 1952 2030 2185 1721 2302 2335 1793 2195 2232 1857 
1725 2100 2081 1764 1893 1671 1734 1742 1889 1883 1781 1888 1984 2161 1998 1460 1905 1967 1755 1825 1696 1864 1751 1700 1651 1913 2218 1847 1853 2035 2141 1685 1809 1863 2120 1870 1951 1765 1948 1945 1758 1808 1578 1801 2212 1840 1785 1923 2145 1860 2004 1932 1623 1728 1905 2032 1687 1937 1595 1940 1745 1989 1932 2074 2021 1671 1775 1908 1895 1959 2101 1738 1655 1719 1841 1821 2031 2148 1936 1876 2076 1943 1935 1684 1691 1905 1861 1852 2172 2021 1925 1888 2033 1685 2027 1963 1649 2065 2135 1836 
1879 2215 2068 1951 2057 1672 1805 1909 1961 1873 1635 1907 1985 2038 2115 1806 2019 2029 1829 1767 1797 1889 1839 1783 1922 1929 2165 1775 1815 2091 2057 1820 1877 1937 2141 1955 2087 1981 1962 2116 1754 1828 1775 1943 2281 1929 1939 2152 2089 1737 2070 2006 1776 1809 1922 2018 1776 2044 1796 1945 1848 1780 1830 2044 1907 1699 1918 1813 1865 1985 2001 1880 1789 1882 1843 1833 1939 1984 2149 1926 2194 2054 1940 1898 1905 2034 2032 1899 2280 1924 2072 1973 2088 1761 2112 2111 1809 2132 1988 1923 
1873 2111 1982 1718 1936 1787 1733 1547 1866 1764 1751 1653 1957 1929 1873 1528 2156 1896 1604 1756 1739 1750 1852 1828 1633 1781 1996 1857 1577 1887 2084 1500 1833 1924 2027 1794 1949 1749 1907 1900 1700 1724 1696 1804 2334 1710 1820 1959 1969 1841 1856 1836 1653 1775 1921 2018 1823 1889 1601 1916 1769 1886 1786 2066 1838 1731 1653 1778 2121 1902 1969 1559 1767 1695 1810 1750 1927 2112 1810 1764 2141 1941 1872 1859 1531 1847 1785 1707 2169 1879 1969 1991 1803 1524 2031 2009 1512 1874 2116 1756 
2004 2252 2468 2160 2112 2018 1944 1931 1939 2252 2098 1985 2215 2387 2172 1738 2069 2284 1864 2025 2070 2014 1975 1831 1946 1972 2331 1922 1894 2165 2331 1829 2138 1933 2361 2120 2150 1908 2281 2271 1997 1904 1899 2124 2477 2037 2021 2096 2242 2106 2200 2220 1862 1928 2194 2095 1957 2221 1853 2364 2075 1963 1969 2294 2213 1876 2050 2020 2144 2074 2194 1982 1817 2163 2024 2093 2139 2276 2237 1907 2302 2154 2153 2070 1935 2169 2187 1946 2432 2283 2011 1986 2249 1762 2550 2426 1817 2168 2261 1937 
1827 2085 2137 1956 2039 1799 1922 1863 1918 2009 1850 1897 2097 2252 2240 1724 2020 2201 1731 2017 1889 1867 1846 1928 1706 1877 2182 1935 1822 2152 2244 1713 2154 2103 2251 1891 2018 1990 2226 2260 1736 1881 1683 2061 2418 2009 1977 2120 2222 1996 1996 2040 1761 1851 2248 2136 1846 2017 1811 2029 1897 2098 1859 2154 2053 1851 1910 1917 1934 1962 2090 1994 1665 1975 2003 1975 2098 2147 1968 1880 1976 2212 1837 1908 1837 2037 1912 1992 2315 2150 2046 2079 2186 1697 2290 2195 1778 2089 2173 1997 
1803 1850 1983 1892 1846 1690 1877 1808 1735 1760 1723 1584 1748 1963 1943 1452 1828 1943 1602 1742 1747 1803 1527 1700 1502 1784 1791 1810 1556 1881 1885 1571 1930 1823 2150 1746 2000 1767 1874 1958 1615 1673 1719 1929 2046 1760 1825 1820 2018 1648 1920 1906 1723 1752 1848 1865 1704 1885 1599 1813 1662 1820 1854 2035 1870 1498 1707 1674 1784 1961 1930 1935 1732 1814 1881 1697 1783 1949 1676 1675 1804 1815 1827 1647 1606 1822 1809 1840 2196 1656 1704 1821 1805 1554 2081 1882 1665 2022 1888 1748 
1999 2135 2000 1933 2077 1774 1844 1722 1772 1971 1770 1811 1988 2141 2064 1654 2067 2197 1772 1982 1912 1961 1850 1845 1716 1993 2184 1841 1765 2128 2071 1723 2024 1944 2191 1938 2081 1963 2012 2175 1765 1831 1893 1895 2381 1866 1856 2003 2170 1911 1933 2039 1945 1693 2031 2063 1811 1897 1731 2070 1908 1872 1898 2181 2069 1813 1882 2030 2013 1963 1974 1897 1782 1788 1909 1981 2017 2140 1939 1882 2013 2058 1930 1973 1862 2097 1942 1832 2250 1984 1989 2096 2128 1520 2101 2200 1811 2069 2037 1945 
1857 1889 1930 1885 1955 1691 1783 1582 1749 1964 1754 1568 2026 2068 2054 1642 1836 1984 1704 1704 1847 1742 1759 1798 1686 1792 1914 1861 1641 1981 1964 1470 2048 1781 2158 1886 1943 1881 2020 1951 1645 1703 1606 1856 2347 1855 1963 1925 2130 1552 1828 2039 1699 1500 1929 1913 1819 1979 1567 2001 1831 1902 1894 2083 1984 1572 1930 1816 1776 1798 1920 1879 1719 1775 1918 1858 1908 1931 1819 1848 1888 1833 1979 1552 1768 1831 1953 1767 2217 1895 1769 1886 2012 1541 2110 2027 1630 1926 2062 1703 
2037 2176 2102 1960 2027 1738 1931 1665 1835 1775 1818 1843 2002 2179 2067 1855 2092 2088 1613 1788 1922 1929 1763 1785 1794 1798 2130 1840 1771 2125 2057 1497 1867 2000 2153 1903 2060 1983 1945 2057 1733 1828 1804 2115 2267 1871 1794 1957 2150 1898 2047 1905 1746 1797 2067 2006 1823 1967 1657 2001 1788 1942 1882 2100 2105 1767 1983 1891 1786 1875 1972 1865 1728 1853 2001 1855 1925 2039 2035 1834 1993 2006 1951 1795 1708 1929 2017 1801 2155 2001 1934 1978 2006 1649 2132 2152 1792 2141 2032 1863 
1789 2105 2023 1930 1910 1647 1800 1768 1986 1752 1673 1900 1970 1918 2097 1448 1928 1982 1675 1886 1999 1959 1769 1885 1628 1893 2119 2068 1738 1894 2079 1582 1733 1751 2229 1827 2043 1812 1893 1882 1729 1748 1757 1783 2420 1719 1827 2083 2104 1694 1770 1975 1581 1679 1756 2069 1872 1878 1563 2095 1895 1962 1947 2253 2004 1763 1762 1934 1864 1998 2034 1781 1705 1854 1957 1776 2037 2107 1873 1924 2098 1830 2013 1859 1627 1950 1900 1690 2280 1942 1965 1958 2000 1558 2125 2077 1588 2070 2102 1877 
1952 2293 2357 2214 2063 1914 2122 1888 1908 1929 1986 1997 2192 2441 1877 1756 2207 2120 1851 1933 2107 1923 1785 1927 1875 2014 2186 2039 1903 2136 2069 1862 2135 1983 2303 2156 2084 1986 2053 2168 1822 1863 1904 1974 2479 1949 2048 2277 2231 1889 2169 2176 1919 1801 1967 2087 1778 2260 1623 2058 2010 2060 2004 2328 2070 1855 1921 2000 2065 2218 2102 2077 1858 1996 1857 2007 2057 2300 1981 1960 2327 2093 2331 1922 1741 1995 2206 2029 2477 2077 2031 2196 2232 1741 2274 2238 1879 2291 2321 1896 
1701 1841 2041 1829 1854 1548 1609 1597 1609 1703 1551 1670 1787 1851 1745 1578 1837 1842 1523 1622 1745 1643 1598 1676 1690 1648 1804 1706 1491 1843 1823 1339 1815 1696 1978 1709 1891 1652 1769 1765 1620 1604 1518 1754 2203 1609 1677 1897 1945 1606 1651 1764 1672 1605 1833 1768 1568 1824 1323 1860 1744 1700 1745 1792 1773 1426 1767 1744 1676 1599 1827 1670 1604 1601 1732 1695 1770 1858 1784 1566 1940 1770 1829 1613 1545 1739 1715 1708 2140 1755 1802 1724 1690 1468 1924 2024 1443 1814 1900 1613 
2050 2225 2335 1925 2172 1779 2023 1942 1863 2040 1839 1978 2006 2298 2079 1778 2119 2248 1771 1822 1930 2045 1811 2000 2073 2105 2145 2046 1775 2072 2130 1604 2268 1926 2313 1956 2260 1988 2041 2082 1824 1851 1856 2036 2281 1843 2076 2061 2287 1854 2155 2105 1875 1795 2015 2119 2031 2159 1603 2155 1856 2143 1904 2339 2158 1789 2093 2009 1954 1906 2243 1983 1803 1995 2106 2032 2169 2132 2050 1905 2141 2078 2120 1781 1831 1918 1946 1884 2406 2093 1924 1996 2010 1723 2202 2180 1730 2225 2352 1945 
2017 2427 2295 2017 2171 1968 2090 1850 2016 2031 1968 2023 2322 2334 2215 1798 2301 2290 1946 2034 1985 2076 2002 1985 1974 2029 2317 2268 2055 2099 2181 1859 2115 2056 2513 2224 2164 2133 2091 2222 1890 1938 1987 2280 2456 2033 2178 2200 2265 2084 2289 2259 1972 2030 2256 2228 1857 2234 1713 2191 2125 2196 2028 2351 2113 2161 1893 2077 2137 2202 2344 1938 1898 2065 2054 2252 2168 2426 2163 2066 2214 2199 2098 2128 1826 2087 1980 1973 2446 2132 2191 2174 2250 1845 2272 2241 1685 2393 2341 1966 
1888 2096 2258 1810 2152 1688 1747 1914 1873 1892 1731 1892 2108 2060 2227 1695 1969 2040 1787 1878 1898 1994 1916 1946 1850 1979 2176 1845 1750 2110 2078 1622 1881 1827 2090 2080 2031 1850 1860 2143 1825 1781 1819 1848 2428 1773 1928 1988 2016 1845 1927 1880 1666 1898 2058 2147 1900 1899 1561 2055 1850 1827 1760 2108 2005 1828 1995 2018 1904 1932 1998 1784 1799 1822 1980 1981 1940 2063 2179 1996 2058 2046 1915 1740 1768 2001 2015 1796 2233 1870 2000 2090 2016 1674 2277 2094 1654 2259 2262 1781 
1868 2272 2285 1892 2011 1801 1922 1827 2044 2122 1978 2107 2177 2204 2117 1590 2113 2160 1905 1992 2060 2026 1988 2014 1995 2092 2236 2102 1820 2211 2196 1858 2092 1842 2213 2044 2072 1858 2066 2133 1854 1961 1769 1977 2511 1860 2020 1966 2288 1982 2115 2033 1918 1977 1978 2213 1856 2132 1699 2169 1938 1973 2147 2362 2110 1676 1985 2048 1968 2189 2169 1894 1864 2051 1938 2130 2247 2302 2145 2029 2316 2108 2163 1917 1809 2170 2042 1961 2434 2050 1994 2080 2075 1763 2281 2210 1787 2164 2284 1922 
2078 2485 2361 2275 2345 1873 2098 2169 2015 2094 1892 2173 2282 2395 2332 1957 2300 2152 1818 2386 2170 2130 1936 1980 1870 2152 2469 2075 2033 2342 2276 1947 2181 2172 2319 2224 2193 2140 2293 2338 2042 1844 2153 2132 2568 2109 2118 2393 2303 2012 2116 2181 1909 2098 2243 2395 2056 2274 1834 2218 1987 2160 2029 2327 2349 2243 2032 2180 2150 2364 2403 2019 1892 2229 2027 2217 2121 2425 2418 2023 2285 2231 2194 2137 2069 2153 2225 1832 2369 2246 2199 2294 2407 1740 2442 2453 1995 2530 2416 2103 
1856 1984 2049 1965 1985 1610 1816 1859 1722 1925 1624 1804 1942 1899 1931 1694 2067 1944 1770 1814 1876 1950 1658 1769 1753 1814 2106 1778 1682 2081 2017 1522 1811 1649 2072 1911 1891 1759 1895 1931 1714 1651 1928 2015 2292 1665 1729 1979 2010 1677 2032 1985 1737 1848 2071 2104 1716 2014 1613 1935 1884 1940 1852 2028 1848 1619 1967 1916 1866 1854 1964 1842 1648 1725 1919 2007 1867 2065 1991 1893 2157 1994 1947 1825 1837 1858 1845 1822 2188 1907 1948 2091 1883 1574 2194 2067 1717 2053 2134 1750 
1820 2102 2098 1906 2124 1760 1873 1855 1839 1878 1904 1978 2169 2190 2078 1758 2125 2028 1818 1764 1945 1941 1759 1841 1801 1922 2179 2050 1835 2083 2045 1671 1951 1926 2266 1900 2037 1990 2033 2179 1730 1746 1808 2043 2333 1952 1990 1951 2186 1845 2055 1971 1844 1821 2098 2090 1846 2004 1631 1970 1950 2036 1885 2197 2137 1831 1965 1985 1969 2088 2124 1765 1899 1818 1857 1912 2075 2131 2052 1919 2001 2180 1990 1800 1760 2088 2027 1891 2193 1933 1933 1936 2061 1660 2233 2104 1684 2217 2111 1976 
1895 1972 2194 1874 1941 1748 1780 1711 1727 1972 1856 1890 2157 2140 1979 1695 1960 2174 1766 1991 1788 1767 1837 1813 1777 1845 2086 1912 1785 2129 2069 1711 2156 1925 2194 1882 1817 1994 1996 2077 1691 1821 1632 2017 2353 1981 1931 1916 2116 1900 1958 1997 1914 1857 2133 1940 1771 1946 1690 1982 1828 1894 1913 2088 2098 1774 1801 1780 1806 1945 2023 1877 1793 1821 1907 1915 2027 2033 2026 1889 1981 2273 2005 1724 1746 2068 1814 1765 2219 2059 1843 1842 2163 1693 2258 2117 1677 2062 2029 1850 
2075 2248 2429 2265 2277 1880 2009 2061 2057 2054 1802 2008 2107 2283 2260 1800 2114 2260 1760 2202 2065 2089 1988 1811 1776 2050 2276 2062 1933 2168 2197 1804 2065 2084 2386 2118 2107 1978 1988 2154 1900 2092 1915 2118 2428 2043 1951 2154 2185 1951 2096 2060 1880 1935 2135 2170 1831 2182 1759 2085 1961 1993 2018 2321 2062 1989 2069 2093 1991 2010 2155 2119 1927 2018 1939 1979 2174 2338 2137 2049 2279 2216 2135 1895 1918 1939 2104 1796 2433 2123 2158 2208 2094 1919 2353 2497 1791 2303 2246 1972 
2157 2398 2334 2108 2246 2020 1960 1937 1970 2078 1918 2046 2186 2371 2325 1683 2251 2072 1792 1933 2080 1972 1898 1971 1812 2128 2350 2053 1801 2081 2139 1831 2054 2137 2286 2197 2037 1973 2161 2219 1917 1831 1928 2137 2386 2035 1980 2173 2286 1978 2224 2140 1788 2016 2273 2234 2035 2125 1780 2114 2034 2019 2057 2343 2202 1934 2024 2139 2113 2168 2249 1914 1896 2001 1898 1975 2223 2222 2088 1934 2247 2271 2118 1800 1913 2099 2096 2073 2487 2047 2083 2270 2133 1711 2313 2172 1811 2359 2278 1996 
1965 2249 2223 2072 2137 1860 1877 1936 1982 2016 1920 1993 2192 2183 2155 1706 2275 2146 1827 1829 1910 1929 2022 1871 1810 1979 2175 2071 1795 2208 2174 1615 2068 1985 2371 1974 2174 2130 2080 2139 1842 2022 1872 1930 2533 1875 2002 2066 2195 2045 2173 2146 1808 1682 2119 2112 2129 2069 1623 2039 1991 2096 1941 2273 2214 1851 1967 1958 2109 1969 2061 1890 1949 1953 1928 1962 2178 2174 2196 1979 2092 2146 2197 1809 1808 2031 2049 1934 2371 2091 2098 2161 2098 1692 2221 2275 1650 2250 2223 1837 
2048 2275 2288 2162 2081 1746 2004 1998 2161 1992 1879 2060 2007 2173 2164 1617 2080 2155 1817 2051 2071 1973 1978 1980 1951 2076 2247 1960 1888 2036 2331 1799 2060 2090 2429 1929 2128 1847 2024 2205 1931 1860 1982 2037 2421 1689 1983 2145 2272 1823 2162 2098 1932 2050 2043 2142 1917 2110 1700 2178 1750 2021 2112 2240 2089 1932 1929 1957 1972 2237 2158 1884 1922 2070 2140 2029 2081 2247 2236 1890 2271 2100 2233 1940 1844 1989 2018 1871 2311 2122 2203 2231 2112 1716 2318 2189 1698 2278 2338 2103 
1755 1944 1888 1708 1699 1769 1612 1533 1773 1773 1698 1662 1907 1950 1924 1415 1849 1949 1600 1666 1699 1705 1601 1688 1610 1760 1920 1723 1709 1832 1814 1615 1796 1897 2041 1773 1847 1712 1838 1949 1607 1647 1500 1906 2162 1773 1711 1754 1968 1623 1850 1715 1535 1650 1752 1871 1642 1846 1636 1751 1609 1739 1818 2013 1854 1610 1621 1760 1682 2008 1896 1635 1568 1649 1616 1728 2023 1835 1703 1660 2107 1875 1848 1761 1545 1977 1865 1755 2133 1739 1828 1725 1830 1523 1964 1947 1561 1936 1802 1672 
2009 2081 2159 1957 2186 1861 1952 1825 1935 1863 1788 1895 2080 2254 2051 1641 2019 2131 1815 1935 2002 1978 1883 1912 1864 1811 2116 1905 1680 2132 2074 1569 1940 1967 2171 2135 1989 1991 1834 1978 1798 1795 1751 2036 2537 1993 1990 2113 2216 1866 1921 1939 1734 1756 2047 2211 1871 2065 1637 1977 1855 2001 1927 2288 2043 1798 1952 1889 1838 1932 2150 1984 1841 1848 1971 1951 1918 2065 2153 1982 2068 2064 1980 1738 1786 1950 2201 1841 2334 1953 2007 2092 2078 1550 2116 2147 1728 2314 2310 1962 
2078 2421 2446 2223 2208 1929 2054 1889 2130 1988 2117 2113 2318 2357 2166 1854 2326 2324 1984 2055 2190 1989 1987 2093 1784 2082 2442 2264 1922 2270 2416 1877 2355 2105 2428 2181 2160 2115 2150 2260 2065 1922 1828 1983 2629 2182 2196 2119 2449 1945 2118 2159 2099 1947 2244 2186 2092 2373 1763 2231 2191 2219 2178 2411 2298 1924 2002 2063 2270 2168 2309 1967 2084 2006 2237 1971 2194 2436 2181 2034 2308 2384 2203 1899 1721 2171 2116 2010 2639 2203 2130 2149 2373 1940 2313 2324 2028 2259 2361 2033 
2298 2409 2412 2251 2266 2186 2164 2069 2190 2099 2164 2096 2305 2419 2318 1789 2290 2388 1866 2206 2206 1999 2083 2042 2003 2163 2327 2173 1918 2260 2338 2061 2395 2188 2557 2332 2192 2150 2295 2327 2141 2095 2090 2269 2700 2155 2136 2306 2573 2053 2320 2356 2007 2096 2264 2389 1973 2301 1942 2275 2218 2138 2325 2391 2362 2203 2241 2249 2143 2434 2470 2149 2021 2112 2358 2108 2224 2452 2328 2115 2473 2270 2325 2143 2056 2305 2277 2038 2635 2149 2280 2123 2303 1917 2547 2426 1948 2541 2415 2095 
2056 2406 2218 2111 2119 1986 1827 1981 1746 2130 2072 2038 2080 2183 2197 1855 2213 2329 1845 1912 1788 2022 1970 1980 1875 1948 2314 1962 1707 2166 2349 1719 2250 1965 2466 2192 2250 2097 2155 2272 1938 1931 1878 2067 2570 1879 1923 2133 2000 2066 2185 2126 1886 1896 2055 2101 2031 2197 1772 2030 2107 1967 1933 2298 2360 1922 2037 1898 2047 2224 2192 1988 1914 1885 2085 1899 2013 2093 2168 2004 2159 2156 1959 1990 1942 2188 2134 1935 2431 2159 2065 2140 2391 1798 2384 2201 1855 2266 2416 2018 
1737 2111 1899 1816 1999 1720 1830 1801 1768 1686 1752 1843 1994 2085 2057 1544 1794 1839 1766 1641 1764 1789 1743 1794 1785 1890 1925 1885 1719 1719 1879 1744 1881 1774 2076 1815 2045 1916 1902 1872 1657 1835 1644 1726 2308 1843 1847 1930 2050 1765 1983 1970 1537 1812 1778 1985 1707 2074 1551 1879 1777 1931 1786 2145 1975 1750 1698 1959 1774 1821 1982 1751 1567 1828 1882 1628 1919 1980 1932 1714 2119 1970 1908 1785 1767 1969 1881 1768 2224 1768 1834 1772 1908 1618 1792 1972 1645 1970 1926 1745 
1917 2182 2148 2022 1941 1771 1918 1784 1854 1953 1922 1652 2000 2115 1935 1628 2067 2156 1664 1852 1845 1972 1795 1859 1945 1972 2166 1803 1753 2172 2001 1697 1966 1889 2131 1968 2068 1880 2160 2019 1859 1836 1824 2084 2312 1791 2043 2114 2235 1910 1945 2029 1786 1732 1974 2110 1931 2022 1788 2137 1921 1816 1991 2183 2037 1665 1959 1818 1813 2163 2078 1946 1820 1856 1935 1996 1973 2137 1999 1891 2199 1904 2021 1943 1882 2031 2121 1877 2184 1943 1990 1990 2119 1636 2181 2121 1784 2114 2220 1909 
1947 2101 2148 1954 2090 1879 1990 1865 1957 2029 2056 1917 2157 2261 2132 1715 2245 2330 1771 1796 1907 2028 1938 1833 2052 1921 2164 2019 1886 2108 2086 1615 1994 1877 2310 2034 2094 2024 2165 2226 1826 1879 1880 2085 2455 1872 2097 2079 2139 1999 2245 2072 1931 1822 2065 2258 1891 2081 1745 2048 1952 2037 1939 2202 2178 1966 2009 1935 2052 2184 2103 1870 1807 1940 1894 2176 1979 2157 2198 2046 2081 2118 2108 1931 1835 2161 2110 1935 2274 2014 2074 2103 2021 1627 2352 2111 1760 2311 2316 1855 
1894 2073 2219 1956 2071 1724 1713 1894 1721 1968 1754 1807 2035 2157 1976 1650 1939 2058 1738 2058 1978 1811 1730 1773 1899 2011 2028 1875 1781 2076 1931 1603 2234 1901 2014 1973 1931 1944 1927 2140 1680 1979 1703 1790 2244 1864 1906 1904 2105 1720 1928 1920 1828 1827 1934 1991 1810 2086 1472 2106 1981 1856 2004 2036 2208 1761 1882 2032 1847 1864 2070 1821 1911 1915 1851 2012 2052 2075 1916 1785 1992 1972 2087 1693 1824 1912 1846 1822 2246 1953 1806 2032 2016 1530 2099 2230 1594 2055 2184 1754 
